,Mx,My,Mt
0.001,4.797284948085462,-0.06681476544957832,1.8121776451662797e-07
0.002,-1.5033822518887234,0.01991710748623632,-3.8055729413566386e-06
0.003,0.0881301809151476,-0.0029713887558192598,5.207680110881239e-05
0.004,0.09822567168087942,-0.002923879688083414,4.8205989776583125e-05
0.005,0.11091685920040914,-0.0029752733223371575,3.398711887396067e-05
0.006,0.1187121997064044,-0.0033873761953848724,7.276324322132719e-05
0.007,0.1182783543334367,-0.0032131160498273525,3.8917311103548596e-05
0.008,0.11133724884602234,-0.0027052117584580315,-2.612726974321293e-05
0.009,0.10376864509734181,-0.002839398166489898,-7.459533664274124e-05
0.01,0.0999810196084973,-0.0025002203734307837,-8.524400023178025e-05
0.011,0.09585239839157766,-0.003389805254305628,-9.798380802901983e-05
0.012,0.09374097249613658,-0.0035240433167017804,-9.731491515877887e-05
0.013,0.0935711090570472,-0.003633529304720551,-9.275899196686333e-05
0.014,0.0942745498289398,-0.003761839275903678,-7.829629256948844e-05
0.015,0.0955610738384925,-0.004042438339902921,-7.589964439566783e-05
0.016,0.09756565398423192,-0.0039021241077699387,-7.893673117086381e-05
0.017,0.09891000141502981,-0.003774854719047066,-4.0116074371415907e-05
0.018,0.09832161534120329,-0.0038915005857588503,-6.853115072792682e-05
0.019,0.09841829127564529,-0.0037021163236147236,-8.686829124925468e-05
0.02,0.09798884274905088,-0.0038349988308063188,-9.362416179187856e-05
0.021,0.09746608238538947,-0.003604879408184769,-0.00010608659768719013
0.022,0.0972505147858669,-0.004158879403672433,-0.00010051639869815146
0.023,0.09671890021452184,-0.004726485260043739,-8.097157410205148e-05
0.024,0.09620581702793152,-0.004498564352979587,-7.223375899818646e-05
0.025,0.09549409688721228,-0.0046380136747353334,-4.512603086614508e-05
0.026,0.09452780164189337,-0.004783458634105092,-3.183029736283883e-05
0.027,0.0937270210960496,-0.004879495867241165,-1.8712549418579364e-05
0.028,0.09279441284597256,-0.004837899471967014,-1.8841699691065847e-05
0.029,0.09157554069930413,-0.0047969658821775535,-1.5391008479608524e-05
0.03,0.09022719249010008,-0.004755943700950657,-1.5978024176246334e-05
0.031,0.08906798366533632,-0.004698257835071773,-1.9706126523277075e-05
0.032,0.08815466984656818,-0.004525032198513718,-2.4285843606947945e-05
0.033,0.0874696412331438,-0.0043353485565066074,-3.0872456762669285e-05
0.034,0.08711344431061868,-0.00420126992490244,-3.601684838338507e-05
0.035,0.08712662788190621,-0.004102322267950445,-4.1565396924321454e-05
0.036,0.08731476882836645,-0.004025122241457707,-5.03501097344765e-05
0.037,0.08735590093896059,-0.0039303066486709864,-6.239134807881769e-05
0.038,0.08710232159644297,-0.0037520759250142394,-7.550782967337671e-05
0.039,0.08641169245406,-0.003599061665689088,-9.536427922733886e-05
0.04,0.08538615063907676,-0.0034897851244886785,-0.0001152914341518937
0.041,0.08407368960068962,-0.00338750849320571,-0.0001326614245543284
0.042,0.08281359566832014,-0.003237748264438803,-0.000146981574438121
0.043,0.08182363772456491,-0.003189077530280096,-0.00015868412802639404
0.044,0.08125930090942013,-0.0031061139303321106,-0.00016598825477709758
0.045,0.08114403611180987,-0.00301091243211897,-0.00017134343708290417
0.046,0.08136070080121935,-0.002897808787430442,-0.00017750871333119646
0.047,0.08172683694927665,-0.0027238429323923202,-0.00018575962694243348
0.048,0.08205172907609043,-0.0024739600571127562,-0.00019665460678359352
0.049,0.08222923592066171,-0.0021903888260285387,-0.00021085201063050286
0.05,0.0821495352878185,-0.0018704861043039728,-0.00022844470896029602
0.051,0.0817779624297964,-0.001542148114759237,-0.0002486606184366534
0.052,0.08115089426815178,-0.0012337885091495693,-0.00026960666477465387
0.053,0.08042744059469725,-0.0010441652329984535,-0.00029111683021726485
0.054,0.07969789892411232,-0.0008774951919404278,-0.00031053394177892935
0.055,0.07909707355499804,-0.0007350004207480193,-0.0003287399114497622
0.056,0.07870628447649101,-0.0006020280777391113,-0.0003452057781825747
0.057,0.07852770504310383,-0.00047542483885791575,-0.00036247599117420967
0.058,0.07848936911647983,-0.00033781987113380707,-0.00038017528505176427
0.059,0.07849996358666245,-0.00017235522298260364,-0.00039861194529223934
0.06,0.07856227658444309,8.754812255526434e-05,-0.00041385701177131884
0.061,0.07866910470364286,0.00039626627672852133,-0.0004301910005419388
0.062,0.07872745233025268,0.0007036073485494204,-0.0004470917837349482
0.063,0.07879224870854905,0.000980418752432377,-0.00046444794903454734
0.064,0.07888379298664433,0.0011998771881320675,-0.00048031068790916264
0.065,0.07900294337957552,0.001395475937892729,-0.0004957374641534574
0.066,0.07910003578810708,0.0015506830690649454,-0.0005106373809329169
0.067,0.07916682768550432,0.0016782513333684565,-0.0005267412709910944
0.068,0.07919478413148656,0.0018142471000406057,-0.0005452432997391592
0.069,0.07917507337266227,0.002052269811142912,-0.0005659144651945481
0.07,0.07911019041822598,0.002273639090950956,-0.0005886701060446092
0.071,0.07911509945473325,0.00259717360291372,-0.0006150292511593197
0.072,0.07919288469063884,0.0029806053088430873,-0.0006435549509907241
0.073,0.07932091002068495,0.0033517726216346216,-0.0006716298651227763
0.074,0.07956335451199406,0.0036910920963726807,-0.0006981887252555839
0.075,0.07988275956460944,0.00395799978863353,-0.000721836934968518
0.076,0.0801793354424811,0.00415558675847582,-0.0007404202645271093
0.077,0.080449201402995,0.004269547585621605,-0.0007551595185343164
0.078,0.08064732916361202,0.0042675162208128115,-0.0007672884050224102
0.079,0.08078697909460412,0.00426886678737487,-0.0007801665000915386
0.08,0.0809087429992895,0.004285663674466721,-0.000796012905809534
0.081,0.08105521103114988,0.004356278206423182,-0.0008134716421729052
0.082,0.08125744132945016,0.004491623530453865,-0.0008336714439275356
0.083,0.08154205019222627,0.004733243010271233,-0.0008586078429073175
0.084,0.08192531604393395,0.0050166801206091745,-0.0008907106228083289
0.085,0.08231320448225743,0.0053234328175629266,-0.0009265561033066493
0.086,0.08264503578250955,0.005625027887326602,-0.0009624016701371097
0.087,0.08287889952822523,0.005857475966032522,-0.0009973925537068557
0.088,0.08298841727480334,0.005987451633269055,-0.0010291144436344055
0.089,0.082957299483236,0.006035754057917207,-0.0010552558527121936
0.09,0.08291504530527768,0.006022986735041421,-0.0010765636159419199
0.091,0.08290513885143025,0.005950284742937444,-0.0010928175391801153
0.092,0.08302728028929073,0.00585286689576741,-0.0011074402252262815
0.093,0.08332683945020786,0.005746638747329285,-0.0011198925817173478
0.094,0.08375325847395558,0.005676859886427873,-0.0011324558352858796
0.095,0.08428731513210846,0.005669308734098707,-0.0011482906771362374
0.096,0.08475172411123243,0.005714610620254263,-0.0011678548577823931
0.097,0.0851005565668837,0.005779599755171502,-0.0011923818214035582
0.098,0.08526059558851064,0.005831854799595911,-0.00121702177806679
0.099,0.08524003131883473,0.005887624040530207,-0.0012431353080971238
0.1,0.08505536475623045,0.005902264771452508,-0.001268304387145716
0.101,0.08486383707939965,0.005858894662671185,-0.0012937429463890202
0.102,0.08480697131258925,0.005778041049269019,-0.001317628072226489
0.103,0.08486799770736146,0.005681372577529877,-0.0013344881293920628
0.104,0.08517687600464492,0.0056079079700677055,-0.0013485402144462033
0.105,0.08565542591956182,0.005534462137151402,-0.0013584021156436365
0.106,0.08612164468977179,0.0054738637372216195,-0.001367400928736936
0.107,0.08656121409020434,0.005435305743007719,-0.0013727862490058073
0.108,0.08677400492765597,0.005406611350353384,-0.0013768700334286098
0.109,0.08677072869837255,0.005356589646540656,-0.00137982433087061
0.11,0.08662497629151197,0.005304671199928855,-0.0013795434656339442
0.111,0.08645543708969287,0.005224677183117997,-0.0013797905555771746
0.112,0.0863606102941242,0.005105359836699436,-0.0013823626710355783
0.113,0.08638898169350094,0.004997491964317523,-0.0013859959854584873
0.114,0.08661057452749203,0.004902334462500681,-0.0013902202471516782
0.115,0.08701766815124506,0.0047957757697369915,-0.0013952338377873433
0.116,0.08753437956293932,0.0047592528062206235,-0.0014008607235035735
0.117,0.08801982778514528,0.004714302373045022,-0.001406096463372246
0.118,0.08832913388236747,0.004671110948067866,-0.0014091517947889855
0.119,0.08842216772647256,0.004614646952247767,-0.0014105260777861372
0.12,0.08828631805326143,0.0045207472618008435,-0.001409157666244377
0.121,0.08797853672976286,0.004372550036502436,-0.0014046241044178335
0.122,0.08760516881335313,0.004149552021911182,-0.0013953187915492107
0.123,0.08732976789160224,0.0038808369201550463,-0.0013836017584445348
0.124,0.08717970568308256,0.003611312373059254,-0.0013675830050150662
0.125,0.0873303672100483,0.0033804255161481306,-0.0013530046612329578
0.126,0.08765782226981651,0.0031871229843142383,-0.001338344234167409
0.127,0.08810380144056709,0.003037164037435987,-0.0013261753542536656
0.128,0.08850646442126958,0.002944180070204215,-0.0013177512473870152
0.129,0.08876704568393187,0.0028618333477132274,-0.0013126906871016126
0.13,0.0887588139701851,0.0027956698106588324,-0.0013120762320461704
0.131,0.08851734944564055,0.0026795972439610793,-0.001312054612767522
0.132,0.08812671159653138,0.002475007361604137,-0.0013133126790036505
0.133,0.08770965541567642,0.002234877508749386,-0.0013135239568020781
0.134,0.08742651466792788,0.0019225488991390094,-0.0013105460304308472
0.135,0.08733558505160918,0.0015897033201199343,-0.0013050127550132491
0.136,0.08749207305780284,0.0012899914716982394,-0.001297678841861935
0.137,0.0878347680663466,0.00105516456116643,-0.0012885611780618475
0.138,0.08829504976152143,0.0008657404080895867,-0.001277884063103436
0.139,0.08870625009748007,0.0007369375470543185,-0.001267329290609956
0.14,0.08896537552669564,0.0006232839810923485,-0.0012595896975843759
0.141,0.08900280161994283,0.0005038253362045358,-0.0012533956564599797
0.142,0.08882045533903622,0.0003555747744542759,-0.0012509216172487832
0.143,0.08849374324612239,0.00014282740594331184,-0.0012485076734708275
0.144,0.08810608302837455,-0.00012044793241932153,-0.001249517186321591
0.145,0.08781507260041449,-0.0004229904175841251,-0.0012529513286366873
0.146,0.08765113211181702,-0.0006991940680816126,-0.0012557576813681038
0.147,0.08769375992378582,-0.0009584022622694264,-0.0012581104064164185
0.148,0.08789596729454688,-0.0011702080186049273,-0.0012596091067312342
0.149,0.08819100834857306,-0.0013040187799659916,-0.0012604832881529702
0.15,0.08848678169464635,-0.001409536206147255,-0.001258712440534829
0.151,0.08870613583504788,-0.0014649958529032031,-0.0012565069225502087
0.152,0.08882118852693402,-0.00154153483659792,-0.0012537955678105373
0.153,0.0888156362968568,-0.0016705366733205454,-0.0012513640821535095
0.154,0.08876179707656899,-0.0018341289373155628,-0.0012482217662124493
0.155,0.08868744125433393,-0.0020303805053693766,-0.0012443541055321672
0.156,0.08870594097758507,-0.002217742676509253,-0.0012453095442721683
0.157,0.0888383250151076,-0.0024025515926045238,-0.0012473488370054252
0.158,0.08904815277822531,-0.002553639141794871,-0.0012496345685302605
0.159,0.08930133938704929,-0.0026392655571070636,-0.0012531439631144978
0.16,0.0895021178104216,-0.0026832374335630724,-0.001257908612921229
0.161,0.08964435110091648,-0.0027008973163012776,-0.0012638758962637872
0.162,0.08960911826397602,-0.0026652053575000473,-0.0012683715645508352
0.163,0.08945633881184548,-0.0026601138204369393,-0.0012749476924470175
0.164,0.08922491983270926,-0.002684911410389658,-0.0012807840332734561
0.165,0.08907206045005917,-0.0027668897456549976,-0.0012846856436511448
0.166,0.08901062747815426,-0.002857338298217795,-0.001287277516085775
0.167,0.08915062207886464,-0.0029409332477183803,-0.0012903135271523562
0.168,0.08945220459249394,-0.003018962810118951,-0.0012917017563058054
0.169,0.08982728014819924,-0.003074642171269175,-0.0012933555133308864
0.17,0.09023590198434554,-0.003088757901665795,-0.0012943781613884752
0.171,0.09055645100863885,-0.003060065856853547,-0.0012965025590554553
0.172,0.09071096598167183,-0.0029977690155227887,-0.0012975101660390475
0.173,0.09069745005484167,-0.002939079917252757,-0.0013012380690465395
0.174,0.09058581921244153,-0.0028906245650455256,-0.0013059183982300087
0.175,0.09039564831938544,-0.002851197717510884,-0.0013102008275800413
0.176,0.09019682881307342,-0.0028203307571953787,-0.00131667641586353
0.177,0.0900592126815944,-0.002780766546989756,-0.0013224486425717059
0.178,0.0901015981086337,-0.0027476972883017613,-0.0013284149303038973
0.179,0.0902915827551069,-0.002706990865100588,-0.0013318636818510706
0.18,0.09053877779187566,-0.0026382207927777776,-0.001333690016172403
0.181,0.090800265138549,-0.0025722691853970053,-0.001334008165694458
0.182,0.09095866584813478,-0.0024857282085219146,-0.0013311871669618813
0.183,0.09100016291444699,-0.002424418825801869,-0.001326758911681181
0.184,0.090925693687336,-0.0023824917499400064,-0.001325347370312778
0.185,0.09075833584454018,-0.0023346835020828863,-0.001323349843198874
0.186,0.09056554371048288,-0.002265676030629868,-0.0013214216536239175
0.187,0.09041998506421343,-0.002164231621141474,-0.0013191871498587457
0.188,0.09037555167453643,-0.002050935504708761,-0.0013197814103695599
0.189,0.09043767679587593,-0.0018934219015031006,-0.0013221441923873594
0.19,0.09057745886795229,-0.0017106355987532434,-0.0013230391112821305
0.191,0.09076805314356745,-0.0015297837670678396,-0.001324699732727193
0.192,0.09094711237858205,-0.001363527805084308,-0.0013260616038663262
0.193,0.09107769944375,-0.00121402871788618,-0.0013276064127746984
0.194,0.09112886667550814,-0.0011045801761252333,-0.001326264622121734
0.195,0.09108125030083913,-0.0010209648645851735,-0.0013256538095432493
0.196,0.09099170272060174,-0.0009378918329234279,-0.0013238108611777707
0.197,0.09086564435237474,-0.0008656545677038843,-0.0013215212523540075
0.198,0.09075000709184856,-0.0007895129507675056,-0.0013202244892400582
0.199,0.0906674522952593,-0.0006539659957605255,-0.001318528887222246
0.2,0.09059798341524904,-0.0004818698723259296,-0.0013150877870512926
0.201,0.09057832184556933,-0.00029406051299445124,-0.0013133918276720595
0.202,0.09059660585067078,-0.00012843182335969816,-0.0013134461712536287
0.203,0.09064321692782543,4.902198284053097e-05,-0.0013136518244152525
0.204,0.09069181278547377,0.00020423304825757313,-0.001314572410341024
0.205,0.09076185195415912,0.0003315528889166787,-0.00131380186583343
0.206,0.09085033875560297,0.000447884685613964,-0.001313927796228772
0.207,0.09093090393323403,0.0005446379741832139,-0.0013145087615174798
0.208,0.09098897727139041,0.0006798989082672721,-0.001311982720058161
0.209,0.09103153319133982,0.000820892923559198,-0.0013118925424769278
0.21,0.09101529663948128,0.000988546435728259,-0.0013113382589661853
0.211,0.09093454009263142,0.00117366650941262,-0.0013109666936974875
0.212,0.09078981273541584,0.001340187315633963,-0.0013096554340689072
0.213,0.09059829249537171,0.001488624877402412,-0.001308227248392994
0.214,0.09039215938099321,0.0016034222536492164,-0.0013071804648481732
0.215,0.09023215048207583,0.0017223098865112958,-0.0013056937731999846
0.216,0.09012919876536549,0.001831326203900697,-0.001304280154514289
0.217,0.09009433979145193,0.0019433616692964887,-0.0013032493328290202
0.218,0.09013931698620739,0.0020751089807781306,-0.0013018137114060857
0.219,0.09020707695508179,0.002220239970665233,-0.0013028688420420383
0.22,0.090262810131754,0.0023775750772914665,-0.001302072069163313
0.221,0.09027302910740964,0.0025623077474825253,-0.001302473831000899
0.222,0.09022425601658626,0.0027270693084152572,-0.001304325021295031
0.223,0.09009577646563582,0.0028655128159604804,-0.0013056923429750676
0.224,0.08990996965678684,0.0029564494294971044,-0.0013059241785328773
0.225,0.08968926827061835,0.003017594989988741,-0.0013053387352083717
0.226,0.08946212137044754,0.003071780414238074,-0.0013034556122067348
0.227,0.08923765689427499,0.003120485920516825,-0.0013002600935223864
0.228,0.08904681700775172,0.0031722570445308716,-0.001296586522317309
0.229,0.08887879738830383,0.003263047602416457,-0.0012907759865373163
0.23,0.0887401106522679,0.0033640243112301148,-0.001283525593389207
0.231,0.08857472668438882,0.0034848478585109872,-0.0012762136960209995
0.232,0.08841413450811669,0.00358458973453072,-0.001269027409742442
0.233,0.08824679104599067,0.003659565187398104,-0.0012624469579905315
0.234,0.08806537674870389,0.0037022604938632755,-0.001257864196448508
0.235,0.08788182356773264,0.0037141045205685355,-0.0012539280742359248
0.236,0.08769471514196987,0.0037007593831208316,-0.00124922527405034
0.237,0.0874913895162719,0.003692152691611897,-0.0012449706072609863
0.238,0.08726491012002208,0.0036900088034485384,-0.0012399087603294954
0.239,0.08702444056991687,0.0036817689392159153,-0.001236726069071731
0.24,0.08675855766636971,0.0036632684702581214,-0.0012332638312989317
0.241,0.08641593911572423,0.003642078146527533,-0.00122437816280011
0.242,0.08603854821612378,0.003597433298791003,-0.0012171506730396897
0.243,0.08565694167621091,0.0035108903482516454,-0.0012092431382681353
0.244,0.0852539769537445,0.0034245597067073807,-0.001197463569488121
0.245,0.08490037691539036,0.0033400722006431127,-0.0011847719161423315
0.246,0.08464711482234331,0.0032271395163467193,-0.0011720751211050668
0.247,0.08443173938572918,0.003140835358659999,-0.0011586958085215639
0.248,0.08428322111128278,0.0030734328509896686,-0.001145024125004659
0.249,0.08411194193694148,0.0030032078926767805,-0.0011317035548826073
0.25,0.08393900914335065,0.002944305403005082,-0.001118513665598232
0.251,0.08369978710087464,0.002879741785466558,-0.0011076501321123557
0.252,0.08335825285016471,0.002774158409115754,-0.0010969497091069997
0.253,0.08292553423411861,0.0026164200701321166,-0.0010883184522200375
0.254,0.08241000660548112,0.0024331128844142513,-0.0010793012051307606
0.255,0.08189204725188659,0.0022178480850697097,-0.0010696486058601633
0.256,0.08140522619359492,0.0020093912344632398,-0.0010592418199566918
0.257,0.08098175668862578,0.0018465763157386184,-0.001048408288882994
0.258,0.08068483217370714,0.0016969681692920735,-0.0010360693347686674
0.259,0.08046492855199829,0.001581259360089654,-0.0010229506441296276
0.26,0.08031626023160887,0.0014822023021024838,-0.0010074674187346203
0.261,0.08019623352844388,0.0013741882747590889,-0.0009903045618616848
0.262,0.08006304669441892,0.0011894322818401248,-0.0009733617316181442
0.263,0.07986392308086354,0.0009430803944650151,-0.0009555501204233027
0.264,0.07957866403070399,0.0006261603129366355,-0.0009371351436125643
0.265,0.07918091063528644,0.000309372213955425,-0.0009191891081647988
0.266,0.07870871815223883,1.4434718608888342e-05,-0.0009015813285306683
0.267,0.07819514189730162,-0.0002146827340067936,-0.0008839157487674322
0.268,0.0776818639105972,-0.00039220860520036704,-0.0008673619981265616
0.269,0.07721344184024359,-0.0005246558471339591,-0.0008525898694056951
0.27,0.07679144133195007,-0.0006150049206243291,-0.0008382384377123465
0.271,0.07641448730990089,-0.0006945520974778602,-0.000824487271723909
0.272,0.07607997207587465,-0.0008082319110619685,-0.0008136183923141421
0.273,0.07577780763651062,-0.0010308275289589164,-0.0008023688650015954
0.274,0.07547850419964396,-0.0013303956795651106,-0.0007912963874395918
0.275,0.07517863026910088,-0.0016667376187532584,-0.0007804079727554032
0.276,0.07486532740476456,-0.002008230906992245,-0.0007677956335298489
0.277,0.07453010119879476,-0.0023041411781359877,-0.0007548260053706508
0.278,0.07417498716287742,-0.0025357211306368393,-0.0007426104605502029
0.279,0.07380603761807997,-0.0026963328473116888,-0.0007290842220442368
0.28,0.07339975897903894,-0.0027906833913264872,-0.0007153809156659511
0.281,0.07299270926110846,-0.0028534903423159397,-0.0007014349587083633
0.282,0.07255189093231476,-0.0029048663029643262,-0.0006891452595809336
0.283,0.07206208620442135,-0.0030347150592137107,-0.0006784230215817495
0.284,0.07154358493600466,-0.0032213457088798997,-0.0006676348928053936
0.285,0.0710082943666813,-0.0034690289102906058,-0.0006576475109407313
0.286,0.07047901477191829,-0.0037329874643254046,-0.0006502580306255396
0.287,0.06996473992046393,-0.003964640833153982,-0.0006430119660448208
0.288,0.069512096285721,-0.0041334871695555,-0.0006360949929144475
0.289,0.06909786766748109,-0.0042080900069184635,-0.000629306176983238
0.29,0.06873119502781579,-0.004177188393875236,-0.0006236651762157596
0.291,0.06839759529158403,-0.004074990265783396,-0.0006197690850061404
0.292,0.06805685313868323,-0.0039510977931931646,-0.0006154605965423618
0.293,0.06772055598050448,-0.0038568824031002397,-0.0006091582234416357
0.294,0.06732328897423707,-0.0038258970318265084,-0.0006035757197667624
0.295,0.0668818696949012,-0.0038735893713645747,-0.0005980587806770949
0.296,0.06642511596769413,-0.003960462101869705,-0.0005914026886325761
0.297,0.06590880104528632,-0.004075340532298147,-0.0005869882965104413
0.298,0.06540643871395799,-0.004174289282325508,-0.0005816789967290359
0.299,0.06493709938354641,-0.004210850630975524,-0.0005759158008266626
0.3,0.06446236091543986,-0.00417349498141914,-0.0005709119073344988
0.301,0.0640193311177526,-0.004094713498953129,-0.0005661204735429889
0.302,0.0635703718983085,-0.00395237660948769,-0.0005622962351748119
0.303,0.06309744805854939,-0.0037940430675789394,-0.0005615822372043524
0.304,0.06260160676724802,-0.003636733866528824,-0.0005610771833100194
0.305,0.062099684320432946,-0.003482354130564691,-0.0005614026504051861
0.306,0.061604615128358076,-0.003309280295136774,-0.00056246549256172
0.307,0.06115391265345503,-0.0031129281096343997,-0.000565571021297704
0.308,0.06077230065098167,-0.0028787443503722476,-0.0005698305447230005
0.309,0.06044386604368486,-0.002594088160628394,-0.0005748281680807035
0.31,0.060171610614632234,-0.0023028113683812024,-0.0005799841757597718
0.311,0.05991182810764828,-0.0019917879470265076,-0.0005855374127665675
0.312,0.05967053114064573,-0.0016985932521230984,-0.0005915055297108187
0.313,0.059366299422732784,-0.0014220959876432848,-0.0005933546576018804
0.314,0.05905913887187535,-0.0011893986143877017,-0.0005960978233069671
0.315,0.05868285566886568,-0.0009891594154659566,-0.0005997356429664614
0.316,0.05827300929176599,-0.00075545446815177,-0.0006026135621971396
0.317,0.057895231000741953,-0.0004883697788409802,-0.0006057334071360864
0.318,0.05754079113767989,-0.00016458032799443467,-0.0006090578469249418
0.319,0.05727439688449841,0.00020830329030302464,-0.0006119437397370173
0.32,0.057073660369751436,0.0006635493313379981,-0.0006147373927097624
0.321,0.05693892427827345,0.0011612203457711245,-0.0006176508306212059
0.322,0.056849304165869426,0.001652955040230067,-0.0006210377905369172
0.323,0.056762969340812666,0.0021007964049898215,-0.0006240291520847299
0.324,0.056658916598939346,0.002525568334529868,-0.0006275873990262472
0.325,0.0565147151774947,0.002883234563186954,-0.0006306068130831543
0.326,0.056307633018296416,0.0032295556313447493,-0.0006340502948178974
0.327,0.05607989757625146,0.003554883412815152,-0.0006372069450836936
0.328,0.05585234260965375,0.003919115331112097,-0.0006393862698534289
0.329,0.055683469353489064,0.0043238022915550595,-0.0006409137543440413
0.33,0.05552528280458712,0.004775668424016083,-0.0006415739306400784
0.331,0.05542781979635441,0.005230981893496731,-0.0006428614828177736
0.332,0.05533751123177823,0.005670353810436693,-0.0006412843446611966
0.333,0.05528856087521051,0.006065063833262246,-0.0006392994846686477
0.334,0.0552452145898348,0.006390494848639239,-0.0006357875932298828
0.335,0.05514214616493797,0.006623365690994601,-0.0006299061527397626
0.336,0.05498791870224361,0.006790481016232669,-0.0006221380722824696
0.337,0.05474967908500579,0.006957896435913186,-0.0006139175273245042
0.338,0.05447245834802353,0.007083777062984575,-0.0006061912356824367
0.339,0.05413674252286341,0.007243575429072419,-0.0005980770293054526
0.34,0.05378346139068503,0.007455499389853265,-0.0005865462520309381
0.341,0.053479155631689,0.0077141451908623315,-0.0005733037642920149
0.342,0.05325173204656423,0.007974183303223081,-0.0005587606766967469
0.343,0.05312527282599373,0.008208200498416834,-0.0005436913327293434
0.344,0.05308164855767133,0.008432078594486428,-0.0005276966908844855
0.345,0.05309288431290007,0.008578507070615832,-0.0005107854314928307
0.346,0.053119242938769254,0.008657090271174964,-0.0004943112874576583
0.347,0.0530794737973482,0.008686490841397054,-0.00047622861835005067
0.348,0.053024000390015265,0.00869784218213715,-0.0004581754696153838
0.349,0.05284532042280293,0.008736392128254014,-0.00044015932554710476
0.35,0.05263110572661181,0.008791176731767061,-0.0004226942828057213
0.351,0.05238397366613397,0.008891970242212444,-0.0004054750257108705
0.352,0.052243720269782815,0.009067472260597079,-0.0003899011533806341
0.353,0.05223462697780159,0.009290113477156497,-0.00037650472115543945
0.354,0.052523275313896355,0.00952970890243511,-0.00036662056092630135
0.355,0.053010013161652,0.00981109421805948,-0.0003557833040154805
0.356,0.05370855457221077,0.010036734499581895,-0.0003464148895284578
0.357,0.05455770927456776,0.010243643251302628,-0.0003405025024816311
0.358,0.05545446822157802,0.010383839925311021,-0.0003375835584497986
0.359,0.05629055710440363,0.010474999997107298,-0.00033465013095101287
0.36,0.05700890069468724,0.010519983931542264,-0.00033523863591331297
0.361,0.05761899683505303,0.010520527103031425,-0.0003370734694200297
0.362,0.058128113933282086,0.010379541483152913,-0.0003393401319074959
0.363,0.05867432665986674,0.010207179590432838,-0.0003415289869191753
0.364,0.05932580744950249,0.009995064514959504,-0.00034235133498774215
0.365,0.060156727596397515,0.0097177949886873,-0.00034220233774629095
0.366,0.06116666907651523,0.009334343327760383,-0.0003391763346116657
0.367,0.062264842253914855,0.008799379672260105,-0.00033460923499568045
0.368,0.06338240030337737,0.008241310234739882,-0.00032486799468922634
0.369,0.06441166429088982,0.0075941764153236585,-0.0003109811076535783
0.37,0.06526726316373985,0.0068696633529014076,-0.00029059801482756646
0.371,0.06591469309803834,0.006098597028262612,-0.0002670007229556844
0.372,0.06639395030381315,0.005242243085340173,-0.00023554330432774525
0.373,0.06675294123600393,0.004367408190245295,-0.0002034348032733501
0.374,0.06714138035079963,0.003502806087508456,-0.00016842167765200372
0.375,0.06761860120333571,0.002712197746456299,-0.00013212455788244321
0.376,0.06830211669152733,0.0019742513504064224,-9.735930263672673e-05
0.377,0.06916982700526964,0.0013594512639390488,-6.503396945959066e-05
0.378,0.07011798009448925,0.0008887838162809983,-3.494350538262863e-05
0.379,0.07098803302797144,0.0006618420095939187,-7.69422370980636e-06
0.38,0.0716880697019926,0.0006138459696542996,1.5939624133291623e-05
0.381,0.0721245264752833,0.0007545121576281906,3.331001683915014e-05
0.382,0.07229657800884937,0.0011350230132892297,4.7947650777141926e-05
0.383,0.07233434781301504,0.0015666634427068116,5.765758459217708e-05
0.384,0.07230224678548618,0.002121857955882517,6.556543547999008e-05
0.385,0.07239047926026106,0.002830419232554074,7.142239308843484e-05
0.386,0.0725977497412426,0.003588344331933488,7.35988441069455e-05
0.387,0.07309059294727877,0.004432366503269544,7.014851560283283e-05
0.388,0.07382792209633154,0.005345941033209997,6.685926105406536e-05
0.389,0.07468959545631867,0.006398396342828037,6.0510777094562366e-05
0.39,0.07559028446339207,0.007546337099142503,5.317090332871971e-05
0.391,0.07641582350996412,0.008749301298435095,4.423692271900067e-05
0.392,0.07709083299311985,0.009948938088408434,3.349397261726869e-05
0.393,0.07760499076037843,0.011123180068737512,2.6394457207293135e-05
0.394,0.0779645500950828,0.012269733844474467,2.531461682496347e-05
0.395,0.0782521783637585,0.013247485249903296,3.373000390985106e-05
0.396,0.07861703767708857,0.014010186684607122,4.723157644983861e-05
0.397,0.07904950772216063,0.014417847823970625,7.923186893719686e-05
0.398,0.07948797275124334,0.014600678021798277,0.00011942222048135924
0.399,0.07996428800349373,0.01465089408067241,0.00017060700888448275
0.4,0.08042626961326604,0.0145971853015129,0.00022672141868124342
0.401,0.08072103158953836,0.014315882871425267,0.00028781250940538753
0.402,0.08079743536638524,0.01402084239773696,0.00034315401615266945
0.403,0.08073298087335845,0.01377329125846296,0.0004003874587422938
0.404,0.08058330264832216,0.013495795642166783,0.0004511410992716152
0.405,0.08033647517415815,0.013243354359001274,0.0004910747183480771
0.406,0.08003736253769754,0.012978367836962178,0.0005281138287953307
0.407,0.07976758479845072,0.012582111360035224,0.0005563220746184378
0.408,0.0795431692522218,0.012145936590795443,0.0005878878107252866
0.409,0.07926615553371524,0.01149953420955185,0.0006168736746375064
0.41,0.07897611037242831,0.010802131102448796,0.0006495625319077198
0.411,0.07870343322296869,0.009967725979275064,0.0006846016827550896
0.412,0.07836713747514394,0.009161900125806005,0.0007327993238293857
0.413,0.07789832171227833,0.008170870679670646,0.0007741349569317896
0.414,0.07745973573642465,0.007027956596884273,0.0008199522139449185
0.415,0.0771107702613487,0.005811425403167432,0.0008652155969994407
0.416,0.07686570596606888,0.004586991063108337,0.0009148106426447602
0.417,0.07670911692462712,0.0032252195749009095,0.0009696244625521553
0.418,0.07650958629126497,0.0017276270792068484,0.0010145155192233912
0.419,0.07631649605556821,0.0001589314499301827,0.0010563318567147228
0.42,0.07602315965317054,-0.0014932932640817059,0.0010892957509322813
0.421,0.075581996997902,-0.0031232818639051977,0.0011168183631335422
0.422,0.07501949273327066,-0.004686786955632925,0.001140123444812174
0.423,0.07448262777738117,-0.006139380667887634,0.001155759445838906
0.424,0.07389400982466486,-0.0075740159576255656,0.0011643739594734625
0.425,0.07334792611718163,-0.008980389922073492,0.00116911124666711
0.426,0.07296073671080015,-0.010373855149537169,0.0011686116793216492
0.427,0.07265930342897543,-0.011812059269040352,0.0011645375318780535
0.428,0.0725150648243407,-0.013242923158899307,0.0011624185707438438
0.429,0.07254262576770378,-0.014651264617984657,0.0011637137880703102
0.43,0.07260724886823858,-0.01604486000208962,0.001163564699857547
0.431,0.07273414649977612,-0.01750652791862739,0.0011627985811225507
0.432,0.07278018983571335,-0.01894398786833857,0.0011625076037537168
0.433,0.07277290365341674,-0.02026671795256353,0.0011617736065913746
0.434,0.07274722824977123,-0.021415104570553407,0.001160552670061889
0.435,0.07273805030262068,-0.022485072377898797,0.0011590930146536018
0.436,0.07279300499412177,-0.023388066834163217,0.00115576857009872
0.437,0.07287036374126611,-0.024178402224699976,0.0011543113127994026
0.438,0.07309228688948957,-0.024839505856027733,0.0011502389699222508
0.439,0.07343789113819504,-0.025327706875870167,0.0011471012563686164
0.44,0.07379994658244897,-0.0257093111845226,0.0011440961748242703
0.441,0.0741099366895928,-0.02589614669606277,0.0011434705096382575
0.442,0.07441609318067113,-0.02599677720800413,0.0011416441193206374
0.443,0.07444585438754975,-0.025938203543628073,0.001133552507246333
0.444,0.07437886253974019,-0.02573016388657357,0.0011236581587010797
0.445,0.07417088436312497,-0.025334413881053168,0.001108823584496951
0.446,0.0737904613647414,-0.024655291820790553,0.001089538000621675
0.447,0.07327206223146232,-0.02379990947695725,0.001068548102123046
0.448,0.07260988980475493,-0.02273898778736113,0.0010412824981666708
0.449,0.07197935515798322,-0.021587593336237443,0.001010359739268299
0.45,0.07137462655647846,-0.02044079142736928,0.0009770403776455231
0.451,0.07078241051501066,-0.01923311011460472,0.0009441359642068088
0.452,0.07010855271194534,-0.017983254112284,0.0009115456899411436
0.453,0.06951705220640261,-0.01682166149609702,0.0008800013061791839
0.454,0.06899057582918924,-0.015683701776898894,0.0008545416390356236
0.455,0.06847228540210384,-0.014537160336448956,0.0008297217521293251
0.456,0.06806819307711653,-0.013507183189400699,0.0008042623754778327
0.457,0.06779775362314842,-0.012457583012599365,0.0007797414487638714
0.458,0.06764835383383101,-0.011389916521413001,0.0007515946239819099
0.459,0.06766524127001143,-0.010304009239345688,0.0007203637284588092
0.46,0.0677866986309454,-0.009208386359321606,0.0006914036405981938
0.461,0.06805182569866478,-0.008085130120153234,0.0006627949216494718
0.462,0.06849667707694702,-0.006943949588248281,0.0006332533897228305
0.463,0.06913958432008421,-0.005896331772022395,0.0006050339678743331
0.464,0.06987133596736425,-0.004967138004025387,0.0005758443901567033
0.465,0.07069061036489357,-0.004170693186265478,0.0005459776973929111
0.466,0.07158907470040896,-0.0033083802702796802,0.0005181725034241285
0.467,0.0724898800383592,-0.0025366068628142682,0.000489350864481648
0.468,0.0733120419602412,-0.0017016849684534999,0.0004608063890406696
0.469,0.07406183048063623,-0.0008530965184351466,0.0004264902894405647
0.47,0.07466247622666508,3.5002406273208775e-05,0.0003955127666079118
0.471,0.07511190245966314,0.0010852129959785933,0.000361058198155719
0.472,0.07532216171305789,0.002161858399242999,0.00032416291806917013
0.473,0.07539079592790704,0.0032685621692237037,0.0002916684717544648
0.474,0.07534932592172758,0.0043571331967859825,0.00026356040854506445
0.475,0.07529087826882871,0.0054628547973739686,0.00023924047787753832
0.476,0.07519385056774483,0.006566955805844356,0.00021857137105589096
0.477,0.07515903994123106,0.007687911373130983,0.00020058656678685263
0.478,0.075164737757965,0.008871982126854569,0.0001825230995129869
0.479,0.07509601203830327,0.010093155126092736,0.0001625314423017299
0.48,0.07509091968821618,0.011428095390818776,0.0001412719562912311
0.481,0.07510527009497235,0.01276351176031581,0.00011663402578751791
0.482,0.07507005148473116,0.014253589340060253,9.87693580196304e-05
0.483,0.07501792524384111,0.01582819691202957,7.371671321149408e-05
0.484,0.07506523088202473,0.0174416535089552,5.1236140333255726e-05
0.485,0.07509152798491818,0.019049885347918957,3.368314420492362e-05
0.486,0.07523090888625006,0.020544567388410692,1.467863123034692e-05
0.487,0.075429901392687,0.022043953962796282,1.4274758460075337e-06
0.488,0.07568202827456372,0.023449518766990265,-1.5719357933896962e-05
0.489,0.07590665790183895,0.024794506896810353,-2.7624724820290883e-05
0.49,0.07606170137167038,0.02617392765108071,-3.0796167638051154e-05
0.491,0.07628759591226816,0.027415257189745725,-3.382997687261904e-05
0.492,0.07633828462814672,0.028681694581937617,-3.2029640268454345e-05
0.493,0.07631175340436992,0.029938172844581334,-2.3345728640707206e-05
0.494,0.07623842963783767,0.031107762276563273,-1.1844934569291317e-05
0.495,0.07613766277445051,0.032115132394568716,3.907259841793361e-07
0.496,0.07612603098053775,0.03299535767554776,1.6455810234539635e-05
0.497,0.0762331510020591,0.03374157872120459,2.887918101754177e-05
0.498,0.0764622751990611,0.03443434609698828,4.843263085409742e-05
0.499,0.07685047591725996,0.03492061726211362,6.926665743436976e-05
0.5,0.07715833785467197,0.03528200777077134,9.406693694157947e-05
0.501,0.07753441531978181,0.03548293841059581,0.00012379110436623592
0.502,0.07791057048590745,0.03566733964403656,0.00016057137257239612
0.503,0.07803972192795383,0.03573127013569563,0.00020316927485816808
0.504,0.07805085597989254,0.03560660828556929,0.00025249642661473676
0.505,0.0778600060812196,0.035155868910488164,0.0002983225794644926
0.506,0.07750928090497754,0.034508316791919444,0.0003501288550781948
0.507,0.07725226714234565,0.0336698061383654,0.000401930462123747
0.508,0.07691779775774103,0.03267290182884954,0.0004540288111475345
0.509,0.0766176781174647,0.03142604236117378,0.0005033743788344827
0.51,0.07644878207098743,0.029989589765501236,0.0005507597229019982
0.511,0.07641833590737304,0.02846188087019068,0.0005942917973351274
0.512,0.07660325978176506,0.02699005465291228,0.0006414445072362918
0.513,0.0768954538988296,0.025431490636680286,0.000685135798541415
0.514,0.07712705159740249,0.023871431452060485,0.0007229432849720733
0.515,0.07726549093786583,0.02218253636403139,0.0007573477229743768
0.516,0.07743021129140498,0.02052671784354838,0.0007927292762601426
0.517,0.07758709105458171,0.018833334453643352,0.0008269444721810783
0.518,0.07753936346341536,0.017074140605941764,0.000865129244200215
0.519,0.07747622691447756,0.015127349958116106,0.0008963069753257053
0.52,0.07752222062632985,0.013265958958480047,0.000930001415920797
0.521,0.07759327166682994,0.011250463335656928,0.0009566534524263153
0.522,0.07762984184347602,0.00941485742896165,0.0009916710221413757
0.523,0.07767082245748543,0.007464073486982636,0.0010200922029087083
0.524,0.07769130919761613,0.005706491753878398,0.0010482052796886296
0.525,0.07765048181895028,0.003923159750954745,0.0010761731220326495
0.526,0.077523116597218,0.0021775584402245612,0.0011056340093382705
0.527,0.07726410449666697,0.0004884016318859388,0.001131797471711242
0.528,0.07692288074844532,-0.0011930555231767226,0.0011585564745360583
0.529,0.07658422248448182,-0.0030252958436399885,0.0011798395308155985
0.53,0.07620352501429761,-0.004734148155832507,0.0012011605514907794
0.531,0.07587147971198159,-0.006445229414371714,0.0012256982207322765
0.532,0.07556203215233392,-0.008138916917090344,0.0012451922214668544
0.533,0.07533054071042028,-0.009619433463406303,0.0012650374075034937
0.534,0.0750862319301014,-0.010971463070667181,0.0012813370221647147
0.535,0.07479672479808078,-0.012163663736836097,0.0012961046491102592
0.536,0.07451683126071032,-0.013287810467693888,0.0013109833929141664
0.537,0.07417684190009413,-0.014391524096062924,0.0013211654436072094
0.538,0.07377687506982,-0.015466123732139639,0.0013311766516203906
0.539,0.07340172883842458,-0.01642912208973156,0.001339867637373312
0.54,0.07310882509483262,-0.017410635801718866,0.001348278723707734
0.541,0.07283720768993704,-0.01833971108221337,0.001352610442294819
0.542,0.07285489575347187,-0.019287011374457444,0.0013511259006141244
0.543,0.07288996973186757,-0.020139053678465427,0.001355540649445299
0.544,0.07300840114714591,-0.0209259888379005,0.0013587212142213937
0.545,0.0731551448412232,-0.021562919550812694,0.0013648788169848985
0.546,0.07335999210656974,-0.0222911768695487,0.0013734947220094083
0.547,0.07360014358679334,-0.022812597730253237,0.0013862562592475691
0.548,0.0736464387641375,-0.023449849280371762,0.0013982130611886214
0.549,0.07365227740349047,-0.024138187218115142,0.0014116609078748891
0.55,0.07373168652073794,-0.02487373586663122,0.0014268971717991846
0.551,0.07402039606415343,-0.025558153206340445,0.0014484832339575324
0.552,0.07457112867709456,-0.026187862073443924,0.001473806865459855
0.553,0.07533929989010837,-0.02677526704577074,0.0015029242017689222
0.554,0.07606424447685241,-0.027218630498324264,0.0015373977951863263
0.555,0.07678808649528747,-0.02770795756838871,0.0015738032532748398
0.556,0.07740876218118174,-0.028078045581257816,0.0016052487981527749
0.557,0.07795067894296609,-0.028387112036214503,0.0016369148864931536
0.558,0.0782970955401167,-0.028738120297266675,0.0016690465123833393
0.559,0.07847041403183387,-0.029084753837333763,0.0017000461561053975
0.56,0.07848248898935771,-0.029377150407917052,0.0017202945292935368
0.561,0.07847239359910413,-0.02961763811194361,0.0017391680821738698
0.562,0.07869898475657508,-0.029880021996743278,0.001753231866048514
0.563,0.07881731665420844,-0.03017632798097826,0.001763417486876383
0.564,0.07876879619547597,-0.030302810505894624,0.001768701742907149
0.565,0.07864933958964114,-0.030389119195903223,0.0017648682902320673
0.566,0.07834119891700501,-0.030315334935027624,0.0017574420055685989
0.567,0.07783471526108963,-0.030091756025033736,0.001750445649890164
0.568,0.07728218377826893,-0.029772161157337995,0.0017458718665645473
0.569,0.07662990888862686,-0.029380063756212084,0.0017343802667573501
0.57,0.0760098779329665,-0.02885374748134821,0.0017246777050257244
0.571,0.07544137916411923,-0.02826868382962043,0.0017080037649681156
0.572,0.07514837776177574,-0.027569426934431207,0.0016870304658349944
0.573,0.07494645928275873,-0.026750806493838458,0.0016635703103210185
0.574,0.07492891534339051,-0.025821072197592623,0.0016350586795115516
0.575,0.07502368051749005,-0.02475084747313043,0.0016027345623055797
0.576,0.07512349891071743,-0.023562508380936882,0.0015703465951968365
0.577,0.07517413283225065,-0.022251160309737547,0.0015335741539306614
0.578,0.0751716063140903,-0.020839570536769096,0.0014931254621548408
0.579,0.07503953177062028,-0.019327004344334285,0.001451890831821478
0.58,0.07490772302200124,-0.017706438058538415,0.001410985899728003
0.581,0.07493587391652654,-0.016006305198523446,0.0013661528153427415
0.582,0.07512965107344949,-0.014225186918115633,0.0013177929884696615
0.583,0.07550855257437336,-0.01244749837241102,0.0012653916405620698
0.584,0.07604635253571837,-0.01055850823270637,0.0012130823126041829
0.585,0.07666348038268396,-0.008705294314480663,0.0011542487566102012
0.586,0.07729217138332964,-0.006872574438369462,0.0010919005822126182
0.587,0.0778500673342213,-0.00494357570086215,0.0010273250805993112
0.588,0.07821006027382316,-0.003028540959427988,0.0009629968675438983
0.589,0.07846084298716702,-0.0011963556085983588,0.0008950466913466607
0.59,0.07876998605176505,0.000497941433222425,0.0008275289574435552
0.591,0.07900063214554216,0.0021307659641142257,0.00076087939976809
0.592,0.07906636562188793,0.0036869718000956953,0.0006974447698151024
0.593,0.07936205814972719,0.004981374715755715,0.0006369597459387712
0.594,0.07980445305430013,0.0060424287551352,0.0005839052217422519
0.595,0.0804643539893099,0.006828535491510721,0.0005369591999010903
0.596,0.08095348214399184,0.007397842121195073,0.0004950827754611354
0.597,0.08117684758157552,0.007896191110907903,0.0004565968100271072
0.598,0.08126770729704325,0.008287758285551217,0.00042289643630822205
0.599,0.0811294219416973,0.00834115956138792,0.00039198520001420514
0.6,0.08066938907069543,0.008450812290118672,0.0003656000669318418
0.601,0.08004485853926085,0.0084442832930793,0.00033890004269521655
0.602,0.07945848190873105,0.00830184369354104,0.00031172026028007096
0.603,0.07908802293653047,0.00806889271247328,0.00027467909663560783
0.604,0.07879859117012936,0.007784626679278272,0.00023836968848980986
0.605,0.07867854926108736,0.007512203029338322,0.00019987546105182472
0.606,0.07880877026988008,0.0071688220377885865,0.00015219726056853156
0.607,0.07908036068206474,0.0068876758605413415,9.824775388793101e-05
0.608,0.07936590354815214,0.0065089516383372605,4.257580843412595e-05
0.609,0.07957349603105056,0.006113131474083145,-6.753066748635232e-06
0.61,0.07984419942064633,0.00583365413879021,-5.515562976364768e-05
0.611,0.08009997404516825,0.005543311322082686,-0.00010557033444157158
0.612,0.08039756096559486,0.005260225859923173,-0.0001599770763253234
0.613,0.08069984813241633,0.004883178712397536,-0.00020673650168317938
0.614,0.0811309014123089,0.004491659573447423,-0.00024847260044502423
0.615,0.0816647302474147,0.003990427474279009,-0.00028630230692744266
0.616,0.08221954877713984,0.003395138080405563,-0.000320948706524562
0.617,0.0827370443418782,0.0027619542158080247,-0.0003513201498187207
0.618,0.08327789019926843,0.0020629807606963625,-0.00037969580352028437
0.619,0.0837785015778546,0.0013786577934246022,-0.00040527547415115885
0.62,0.08422272989956626,0.0006078789308131792,-0.0004272278792448236
0.621,0.08461060290436179,-0.0001798206441620681,-0.00044598153356292043
0.622,0.08499641422636978,-0.0009066766272371116,-0.0004562517312922062
0.623,0.08536032697218944,-0.0017254717890864153,-0.00046667623304379657
0.624,0.08580374901783666,-0.002520553247022564,-0.0004751280999703188
0.625,0.08634440478974857,-0.003279996285555052,-0.00047575872251310247
0.626,0.08690876408416393,-0.004032948517759621,-0.0004755249932840754
0.627,0.08746908300959415,-0.004801451084663316,-0.0004761607831062827
0.628,0.08805149787826955,-0.005520222860622363,-0.00047476334116815645
0.629,0.08854063643453217,-0.006176859967971703,-0.0004696223213213061
0.63,0.08896685635852031,-0.0067384242353073845,-0.0004686672892339546
0.631,0.08939581529460361,-0.0072637840223805095,-0.0004676788949571713
0.632,0.08974764986773975,-0.007702294093465921,-0.000479620652362966
0.633,0.0900128446102379,-0.008052535658104897,-0.0004913943049268019
0.634,0.09025969528992361,-0.008239887835405982,-0.0005038721142494782
0.635,0.09045277269136323,-0.008345152368657759,-0.0005258928021947349
0.636,0.09070055431054476,-0.008354419448076827,-0.0005474349520281559
0.637,0.09104662894592082,-0.00827924192412624,-0.0005697161636978479
0.638,0.09140919295079972,-0.00804027427697792,-0.0005910508822609944
0.639,0.09174485641982402,-0.007599478465127905,-0.0006099333833118297
0.64,0.09206170441166825,-0.00708769422544047,-0.000627612472242858
0.641,0.0922991693007025,-0.006436635368073984,-0.0006461593597074729
0.642,0.09251694529170751,-0.005740135150956963,-0.0006610814968648859
0.643,0.09280436856245924,-0.004993302718316765,-0.000677305556768283
0.644,0.09299581370533744,-0.004195213150344115,-0.0006841059126463859
0.645,0.09309043363996052,-0.0034877865770159278,-0.0007038987772379388
0.646,0.09317285827771464,-0.002732974218633104,-0.0007190782399887773
0.647,0.09331136701164942,-0.002061231220408445,-0.0007280065671480693
0.648,0.09341300318834567,-0.0013882473808091295,-0.000732297354261146
0.649,0.0935163059390261,-0.0007229974663605643,-0.00073453718764061
0.65,0.0937883877869427,-8.700077030047992e-05,-0.0007357621979453201
0.651,0.09407569536476154,0.0005837002333681854,-0.0007391192280446837
0.652,0.09435387948091642,0.0012815139720685,-0.0007412309584815808
0.653,0.09464068576496884,0.0019241694209396545,-0.0007416959451293988
0.654,0.09494731190917174,0.0025218917188915696,-0.00074101318910059
0.655,0.09515892597070588,0.003069864106808165,-0.0007364324753192431
0.656,0.0952568553308291,0.0035905364010365703,-0.000736097530535284
0.657,0.09530910043377608,0.0039625395066683194,-0.0007326431938567776
0.658,0.09528379956765828,0.0043295589347759275,-0.0007303644711462323
0.659,0.09518553037674582,0.004670830847213064,-0.0007229992558889719
0.66,0.09496366470060064,0.005075765907292792,-0.0007153877838190054
0.661,0.09476292229534942,0.0054261223450326815,-0.000705439834938702
0.662,0.0945438360052626,0.0058313589600402435,-0.0006987312259876256
0.663,0.09434574436497409,0.006265715429536078,-0.0006865923181574592
0.664,0.09418108594041372,0.006733431240563283,-0.0006745757866799464
0.665,0.09392678004862928,0.0072519718861222895,-0.000658818612586482
0.666,0.09378958133553306,0.007858188571527647,-0.0006388047420647644
0.667,0.09353035461965672,0.008462118973497482,-0.000622233809624511
0.668,0.09321074657421131,0.009012261269982114,-0.0006098647552404143
0.669,0.09295767401703851,0.009740323109893187,-0.0005964343084418556
0.67,0.0926201874550551,0.010551746016797384,-0.0005861773470389065
0.671,0.09237738976100197,0.01147624200105428,-0.0005730768071706068
0.672,0.09224141977025345,0.01251511648922797,-0.000562904130147367
0.673,0.09209855454258448,0.013604586692450162,-0.0005566322741172576
0.674,0.0918847250734266,0.014721950604506158,-0.0005484253929783226
0.675,0.09168327653482954,0.016072520322497293,-0.0005395811508592089
0.676,0.091523689864256,0.01735604275336463,-0.0005292358639205218
0.677,0.0913040701957063,0.01862153479004787,-0.0005178955465107181
0.678,0.09098753317044245,0.01985296141323245,-0.0005060198393537236
0.679,0.09063497872663696,0.021180709435675175,-0.0004912646726150992
0.68,0.09018050686870727,0.02239161772662824,-0.0004775132529218
0.681,0.08982063231143994,0.023629192267314893,-0.0004645569623896649
0.682,0.08945954436372992,0.024854705502973508,-0.0004513450460866846
0.683,0.08909986640082676,0.026045922383008353,-0.0004432843025729621
0.684,0.08885456014674425,0.02719220080014255,-0.0004346699018370712
0.685,0.08871394999995938,0.0281961852860369,-0.00042049647020019456
0.686,0.08861865965823515,0.029244833224282396,-0.00040678139191628474
0.687,0.08865168171803281,0.029997540380867105,-0.00039811901631574764
0.688,0.08862297398942709,0.03060911014988335,-0.0003885151093509034
0.689,0.08857676751186461,0.03113103969057225,-0.00037575239562893145
0.69,0.08838659978821672,0.03146667878388104,-0.0003638496145387416
0.691,0.08811012681663322,0.03155211314578616,-0.00034620482190220636
0.692,0.08764912452787946,0.03146356320397623,-0.0003274500523700195
0.693,0.08711310176685924,0.031160527320374477,-0.0003047585408605133
0.694,0.08652529183355198,0.030713547094102615,-0.00028104571433125295
0.695,0.08624252368455018,0.03004278397757243,-0.00025025801927576604
0.696,0.08590550956515938,0.02928821795857743,-0.00022045469292576248
0.697,0.08555067250077597,0.0284390281674618,-0.00019960019272551304
0.698,0.08523186322223855,0.02744196541589239,-0.00017367838622756396
0.699,0.08505441744865225,0.026373905903400482,-0.00014756856413003928
0.7,0.08485462440864881,0.02529164719507595,-0.00012114130288407455
0.701,0.08448284449068014,0.02400857104797477,-9.473242074322784e-05
0.702,0.0839068055898462,0.022685680529382087,-6.295139250215372e-05
0.703,0.0832966017206716,0.02127077909189428,-2.3118159728159875e-05
0.704,0.08269487925533782,0.01981810292330012,1.76181173824827e-05
0.705,0.08204474119314198,0.018220072977837808,6.436234455054672e-05
0.706,0.08139160497742856,0.016706988384913316,0.0001148049786363417
0.707,0.08076368833009806,0.015318131604667901,0.00016904397182539795
0.708,0.08021566698064765,0.013676960888193146,0.00021915414091104764
0.709,0.07965398031256923,0.012153322258145902,0.0002704197036871082
0.71,0.0792974747778462,0.010514580074051285,0.00032804724480309743
0.711,0.0788977358815665,0.009118738790361292,0.00038810983957256987
0.712,0.07843855050641979,0.007678015084040972,0.0004453205251150951
0.713,0.0778984122338629,0.006150121779364463,0.0004931743816031479
0.714,0.07750106150790885,0.004611431950575787,0.0005415875956991956
0.715,0.07708384890405809,0.003121614160363464,0.0005807638506705994
0.716,0.07687036651854448,0.001689197160867524,0.0006227568066142069
0.717,0.07668049776996026,9.922960088381769e-05,0.000654719125282603
0.718,0.07662298445446585,-0.001413341032194336,0.0006822895295360354
0.719,0.07676278752558327,-0.002715683393525896,0.0007031356937193714
0.72,0.07685762048513149,-0.0038804914201728963,0.0007191592074856647
0.721,0.07691880088247369,-0.004901030903152592,0.0007270541241190267
0.722,0.07697455226301006,-0.005801531509561579,0.0007292492806158411
0.723,0.07699804829758031,-0.0065108150597518125,0.0007317865213326661
0.724,0.07705946638746872,-0.007053437763366793,0.0007283862975092786
0.725,0.07696889640380161,-0.007469117371184008,0.0007255990539549657
0.726,0.0771014274671919,-0.0078014616089482625,0.0007303499290011565
0.727,0.07727085294160677,-0.008161159079002157,0.0007275417348979698
0.728,0.07762368429230516,-0.008216263794069395,0.000727721641546484
0.729,0.0780194004046793,-0.008369428660032818,0.0007251038537037927
0.73,0.07857441882360565,-0.008380372508320813,0.0007232982778767537
0.731,0.07903819300784366,-0.00814291966696107,0.0007219693826795207
0.732,0.07952244621652976,-0.007700515841207848,0.0007182658701326474
0.733,0.07987162698139502,-0.0072062637177478465,0.0007066677844144316
0.734,0.080021913715868,-0.00641826156615086,0.000693956926516632
0.735,0.08012148705738142,-0.005424090070396268,0.0006771593176613146
0.736,0.08013174525734719,-0.0042281018965189265,0.0006562979822896307
0.737,0.08016381050906393,-0.0027705471714403254,0.0006271251632641605
0.738,0.08009638640895259,-0.0012766468646511625,0.0005891512623908006
0.739,0.0800088070270154,0.0004716057945919547,0.0005468391337696697
0.74,0.0798776364888021,0.0024260337742638347,0.0005014035561508035
0.741,0.07977390637676302,0.004401379617348877,0.00044877388140553143
0.742,0.07958239611792171,0.006475425958816054,0.00039390562005897666
0.743,0.07935274747323762,0.008624807236308506,0.0003395679045089139
0.744,0.07910790418927865,0.010710459210030367,0.00028719549374302814
0.745,0.07881201067067152,0.012621829543347077,0.00024110484618213783
0.746,0.07853498018662114,0.014395913776008795,0.00020353614006310094
0.747,0.07837329292161457,0.0160228529845255,0.0001770419221171053
0.748,0.07829646705265607,0.017491483658830263,0.0001442634722365836
0.749,0.07838837563118567,0.01873514687657999,0.00012249538662507947
0.75,0.07855419514183497,0.01977670723726562,0.00010587354359248242
0.751,0.0787065599496198,0.02087352673070081,9.486003142601573e-05
0.752,0.07871526591647574,0.021827341800165795,8.557163831589607e-05
0.753,0.07886086593751515,0.02285526311754702,8.20011585595045e-05
0.754,0.07895100520022627,0.02382062830753169,8.132706916128706e-05
0.755,0.07890460580252322,0.02467422224341974,8.611924358977873e-05
0.756,0.07884998520007323,0.02559170165947426,9.369653835283214e-05
0.757,0.07869695135333775,0.026437954333055458,0.00010998932327914912
0.758,0.07867337375454048,0.027141158059161855,0.00012816024108616253
0.759,0.07858309868189065,0.02779843547244984,0.00015081353449516533
0.76,0.07840530316054578,0.028498696265399248,0.00017780280148423376
0.761,0.07820344128815024,0.02924558299438665,0.00020792835076907873
0.762,0.07803393577084843,0.02994262091660342,0.0002471465840007485
0.763,0.07769584671683516,0.03060731382981889,0.0002808743395961654
0.764,0.07732006079309714,0.031239332531567895,0.0003165563428654628
0.765,0.07697144541154104,0.03171313680414671,0.00035059962438470686
0.766,0.07659233965960788,0.0321819250786039,0.0003918570558626962
0.767,0.0762510978745407,0.032614904385258964,0.00043557918803832467
0.768,0.07609103646878967,0.03295879760036513,0.0004833262782714819
0.769,0.07620297194658046,0.033140400667867095,0.0005305610677121263
0.77,0.07623438545826976,0.03318012132046351,0.0005706223702845293
0.771,0.07652336295231851,0.033150246913923515,0.0006132801029182041
0.772,0.0769599517434467,0.0329607979351699,0.0006567857172026879
0.773,0.07761852718006207,0.032785860025224794,0.0007060192823475945
0.774,0.07836233167151863,0.0324675758174931,0.0007558499491353449
0.775,0.07913626031434876,0.032260810096581743,0.0008105624012648876
0.776,0.07983813897136155,0.03185776404017965,0.0008594303313110425
0.777,0.08063512759606191,0.03139808828341642,0.000906709857979852
0.778,0.08128691268964139,0.030810409410974418,0.0009584630831819147
0.779,0.08197818861600908,0.02990289050233859,0.0010015434192539312
0.78,0.0827115313998033,0.029146212128227128,0.0010468268613021982
0.781,0.08341538885183558,0.028087671910737064,0.0010818788121035384
0.782,0.08424298244245895,0.02696221538707909,0.001110183784971396
0.783,0.08512561646937382,0.025827571561941598,0.0011361716019589682
0.784,0.08608312010309724,0.024596522377904134,0.0011571621220345116
0.785,0.08707725495216354,0.023471914314847117,0.001165640771459831
0.786,0.08819836841014342,0.02245935384712726,0.0011752562422923131
0.787,0.08909187129679899,0.021444258129290655,0.0011776398248469267
0.788,0.08988867434861186,0.020160128265254956,0.0011757792711761634
0.789,0.09052168847144589,0.01878054647347631,0.0011736309708867715
0.79,0.09094891140562789,0.017325319051163884,0.0011684574158921015
0.791,0.09102028974359781,0.015722048224265733,0.0011565825876412375
0.792,0.09104699475691397,0.013828756139831366,0.0011524192546024218
0.793,0.09096117673720439,0.011842677659560763,0.0011463450346602781
0.794,0.09060449890886745,0.009652545941953361,0.001139134633734531
0.795,0.09024763376893652,0.007499244780677539,0.0011396685012525498
0.796,0.08993745324778607,0.005335968305295702,0.0011446867290694496
0.797,0.08970319151907173,0.003386153916589557,0.0011526519382049842
0.798,0.08921021579122443,0.00138150512480896,0.001158309346428365
0.799,0.0885254195342419,-0.0005042206948326355,0.0011755554418733261
0.8,0.08790381899768548,-0.0025764884569029894,0.0011977397937381414
0.801,0.08708917650844011,-0.004726677753850508,0.0012183858732010304
0.802,0.08607616985667477,-0.006716091980825817,0.001236877860691191
0.803,0.08494077519441533,-0.008794607542467109,0.0012547763726877502
0.804,0.08392102315259642,-0.010944253984216279,0.0012760457379655977
0.805,0.08282124802047724,-0.012917909422626273,0.0012947301406419664
0.806,0.08185067028452866,-0.01477966894306923,0.0013135104437563966
0.807,0.08094274354856532,-0.016312380401151877,0.00132809771224131
0.808,0.08011213317391028,-0.017660699508531552,0.001344723608027869
0.809,0.07923321004669007,-0.018898662179236247,0.0013544681399736986
0.81,0.0783861965077829,-0.019909759621938167,0.0013624486076445398
0.811,0.07730921991428744,-0.02060687481271571,0.0013698808191073039
0.812,0.07628893720572502,-0.021066568584423212,0.0013880768399231688
0.813,0.07505822151540203,-0.02142098880982729,0.0013946579803025617
0.814,0.07379080062632987,-0.02172311815061187,0.0013908909523809012
0.815,0.0725780253032774,-0.021724314089704183,0.0013887139471984845
0.816,0.0713831414614687,-0.02163168280012212,0.0013900248583453116
0.817,0.07056043648966563,-0.021298470299969174,0.001396186606465053
0.818,0.06976358689934456,-0.020737576148680825,0.0013969304147568695
0.819,0.06908682053889038,-0.02003484276474876,0.0013888756115612846
0.82,0.06844944004369986,-0.019187602515329194,0.0013834752136124276
0.821,0.0678350543046646,-0.01827251117397212,0.0013772082867053606
0.822,0.06722425550785163,-0.01731701989113832,0.001371895362568776
0.823,0.06676143864919792,-0.016154499611030035,0.0013646202306595119
0.824,0.06625466564466041,-0.014990590600854711,0.0013587820106049102
0.825,0.06584152687691538,-0.013916321991981284,0.001349016384911936
0.826,0.06540798390492142,-0.012878389132273849,0.001341864571687671
0.827,0.06494654175455541,-0.01183696811564268,0.0013285809112739018
0.828,0.06448788367303182,-0.010704503765575107,0.0013134927206595603
0.829,0.0640671303578935,-0.009595008535929733,0.0012874295476375571
0.83,0.06348802772330364,-0.008461076804039985,0.0012634414991738636
0.831,0.06272443223352048,-0.007075675374218188,0.0012484916320749655
0.832,0.062036053660553675,-0.005916871692472903,0.001220927776668909
0.833,0.061324787077920676,-0.004803468816144907,0.0011842739478625304
0.834,0.06064029052127884,-0.0036445853516579862,0.0011551876639413392
0.835,0.05998043442055791,-0.0025564271561255014,0.0011167712206020476
0.836,0.05935573344436534,-0.0015082839292812206,0.001078292420231885
0.837,0.05871839476745049,-0.0003561899085237352,0.0010477624360387787
0.838,0.05790576019020097,0.0006623646677030165,0.0010184126125672055
0.839,0.057069392925965516,0.001560546812339983,0.0009863829789312699
0.84,0.05616441328275634,0.0024739257255532443,0.0009572065148917943
0.841,0.05513115159598671,0.0031322677833788976,0.0009319415017167572
0.842,0.05412018909457135,0.003682727700068722,0.0009086675237106261
0.843,0.05308952816209526,0.003983466272743791,0.0008830619798954277
0.844,0.05220373360811579,0.004006669810780711,0.0008639491421932315
0.845,0.05145975712971856,0.003922697659428237,0.0008521135566480779
0.846,0.0508691749611271,0.0037208638468774202,0.0008440403417281795
0.847,0.05037454578151921,0.003403858716766947,0.0008398171887071162
0.848,0.049947150083731726,0.0030567242152736845,0.0008375465483086215
0.849,0.04942857208751986,0.00269606058107133,0.0008392762355747246
0.85,0.048986216551367284,0.002328768188582575,0.0008423502378571755
0.851,0.048529956135027766,0.0020576534493447485,0.0008453931196138707
0.852,0.04808599002972559,0.0017725930541016427,0.0008498336687073409
0.853,0.047814311742252986,0.0014804276954636653,0.0008460514547374771
0.854,0.047694175663080825,0.001209622198495755,0.0008336065915282567
0.855,0.04769728753435677,0.000909981942492144,0.0008181561248675449
0.856,0.04773841946384885,0.0008379374789083682,0.0008046138558386159
0.857,0.0477638004533792,0.0008846557941250555,0.000786017340151008
0.858,0.047790011564029095,0.0009937938533639973,0.0007623939518345251
0.859,0.04779620581054135,0.001104330311329546,0.0007330996183280658
0.86,0.0478316625224698,0.0012741743369063946,0.0007012770854212126
0.861,0.04779421227154646,0.001411484518948597,0.000665236205750699
0.862,0.04778858404746544,0.00155597637365551,0.0006272613556587179
0.863,0.04785142044276693,0.001763130931885723,0.0005879443850974522
0.864,0.04796641120843848,0.0019228201280648838,0.0005487432090598322
0.865,0.04818016074779849,0.0022075637232151224,0.000511326877537621
0.866,0.048639837056063374,0.0023741647981036923,0.00046922801630469525
0.867,0.04926080995454307,0.0026633797303294016,0.0004299943104108105
0.868,0.0499380179903791,0.002887770768888298,0.0004000583503299513
0.869,0.050688978751976005,0.003287029983749204,0.0003696692789822394
0.87,0.05147323880912166,0.0036969963062439617,0.000344375578311083
0.871,0.05220970299312353,0.004159927994811498,0.0003247488508990612
0.872,0.0529075746061687,0.0046634737267828436,0.00031509340777817094
0.873,0.05359164347269213,0.0054221680215625415,0.0003049674528612085
0.874,0.054376089389582515,0.006098551176510918,0.00030108511698558494
0.875,0.05511739752672494,0.0068288993550537636,0.00029414947045245114
0.876,0.055854004595277465,0.007699145633607345,0.0002879164401459882
0.877,0.05667894707158218,0.008641262998807124,0.00027696946700886264
0.878,0.057357575990106976,0.009711688298646506,0.00026537909149015215
0.879,0.058025224531673386,0.010817695119920073,0.0002487304496129189
0.88,0.05850179933263708,0.011955418390318415,0.00022723154667281107
0.881,0.058824613873119394,0.013244630947717268,0.00020585460310329322
0.882,0.058942442733101834,0.014532905734486812,0.00018132966694641404
0.883,0.05887490561107303,0.015795315082600677,0.00015040181088177035
0.884,0.058742242514987934,0.016978572323971854,0.00012266992361014502
0.885,0.05854134219999037,0.01816407884302683,0.00010026927204036538
0.886,0.0583440795581176,0.019255531030781155,7.595496637207805e-05
0.887,0.05823171667702539,0.020247744277934104,5.321446807795752e-05
0.888,0.05814214038906032,0.021048663336475096,3.123080038381479e-05
0.889,0.05810301842903856,0.021738490051393403,1.3938879112052754e-05
0.89,0.05814960592646626,0.022331993966838114,7.168603499996609e-06
0.891,0.05833714839114271,0.022839801654023103,2.6476991748620668e-06
0.892,0.058553085413501314,0.02312975214654913,9.09213871699228e-06
0.893,0.058721493950976304,0.023349860091534003,1.5219256902225504e-05
0.894,0.05904855452661766,0.02349532986488402,1.9542043110122267e-05
0.895,0.05942074023144832,0.023831233670351316,2.5899069830632234e-05
0.896,0.05983809624993617,0.024058159524563093,3.74688020370567e-05
0.897,0.060402154051967916,0.024144438923462526,4.08718366928612e-05
0.898,0.06099302241000684,0.024131762278813664,4.520455958876673e-05
0.899,0.061741800871425195,0.024286594421710057,5.5498074425886694e-05
0.9,0.06251185455751707,0.02439389809408972,6.10856300894472e-05
0.901,0.06333421919597838,0.02437410378724483,7.168598849009993e-05
0.902,0.06416563332122635,0.024332699044966512,8.471914411131107e-05
0.903,0.06500008544780121,0.024092873547568592,0.00010673856518133733
0.904,0.06585320451771837,0.023800635911560127,0.0001346589073787505
0.905,0.06671807761426533,0.023263592343601633,0.00017147893758823267
0.906,0.0674920316696826,0.022831624150541463,0.0002032246749755092
0.907,0.06818744227503624,0.022406327191310707,0.0002522069950134459
0.908,0.06889913598686571,0.021796229316372318,0.00030510778024637987
0.909,0.06952872474325142,0.021082667246805506,0.00035232388290314695
0.91,0.07016206525440943,0.02031899623720082,0.0004028715129347951
0.911,0.070624822668091,0.01947845441285368,0.0004514345917617051
0.912,0.07094443134440692,0.018592036790283456,0.0004941957508432174
0.913,0.07121458263565343,0.01788280441134076,0.0005391398033433044
0.914,0.0714919519796424,0.017065285731732525,0.0005777182687873766
0.915,0.07175098343899824,0.016158291600931886,0.0006132271387299756
0.916,0.07195542905946001,0.015383684476219978,0.0006405761855632757
0.917,0.07213514759154298,0.014773410657405343,0.0006683620863283209
0.918,0.0723320452435901,0.014219266356862681,0.000690543270651682
0.919,0.072652657871346,0.013567167363351998,0.0007044358652131354
0.92,0.07299201380041066,0.01311938435558607,0.0007172202086881433
0.921,0.07335800744819045,0.012915950276340432,0.0007367200453231874
0.922,0.07380752932808407,0.012422689909522187,0.0007547362404223882
0.923,0.07414213143209337,0.011945831888150005,0.000768153968633751
0.924,0.07432900732112799,0.011482651480705621,0.0007834171132152526
0.925,0.0744674327784676,0.010957164086955195,0.0008024101322722459
0.926,0.0744236446282643,0.010333915615392934,0.0008126844309594196
0.927,0.07433177762762612,0.009716224982925641,0.0008251460415890555
0.928,0.07429167731500985,0.009108457782271177,0.0008428248709800098
0.929,0.07429039580827897,0.008440694776676317,0.0008570163145023399
0.93,0.07430865004564666,0.007768224091388075,0.0008647215041388064
0.931,0.07443548352867684,0.007102670317348016,0.000875264005212957
0.932,0.07474889073386502,0.006391170621232071,0.0008819794109173034
0.933,0.07510196816753717,0.005420459992285721,0.0008877607269646185
0.934,0.07548935158853719,0.004406936754228506,0.0009013355981556994
0.935,0.0756697206103123,0.0034134074429310116,0.0009061329940114838
0.936,0.07572582702937143,0.002512214403340915,0.0009143333331893212
0.937,0.07562136509136495,0.0015851633120799735,0.00091901715987554
0.938,0.07518376212574077,0.0006588792401536862,0.0009141227182854584
0.939,0.07466614991105752,-8.291398546843125e-05,0.0009152315999734614
0.94,0.07407889461878682,-0.000794985337687848,0.0009063988746778534
0.941,0.07354660440014205,-0.001356811328138723,0.0008916149355244653
0.942,0.07317369891733802,-0.0018418233479570102,0.0008734701471799296
0.943,0.07289591355996156,-0.0023773163405610065,0.0008589856379715541
0.944,0.07273939369510145,-0.0029662938713398285,0.00083905267628635
0.945,0.07257325338491348,-0.003551429205064696,0.0008197084688103529
0.946,0.07228090344640457,-0.00410605190866202,0.0008031255578762288
0.947,0.07188713059735774,-0.0046800262768281475,0.0007815817745459291
0.948,0.07131261729535993,-0.005096316626820016,0.0007699444231073471
0.949,0.07058166258291093,-0.00529459588694281,0.0007639211615990327
0.95,0.06983182310567312,-0.00545413868624061,0.0007558548945680138
0.951,0.06905060031626438,-0.0054311986136636545,0.0007524653892676607
0.952,0.06845284657162959,-0.0051431026045865875,0.0007553947569812338
0.953,0.067945209572482,-0.004776437069967829,0.0007625464888749659
0.954,0.06763090306723449,-0.004188680973473044,0.0007658703441241922
0.955,0.06733991874633338,-0.003521003548759621,0.0007714863244855028
0.956,0.06726216697131446,-0.0027824038798611415,0.0007808119615056938
0.957,0.06703945331745498,-0.0018309540920784552,0.0007920998888613713
0.958,0.06676413610653423,-0.0009286600428568201,0.0008054610561106648
0.959,0.06634793301973704,0.00022489753002633006,0.0008183580703138312
0.96,0.06582944758776144,0.001438633987658854,0.0008328040944154569
0.961,0.06517176000513679,0.0028222417752080562,0.0008390019621340502
0.962,0.06463311682893098,0.004251861776563792,0.0008477286620654502
0.963,0.0641297786475375,0.005781364891996672,0.0008529468186830356
0.964,0.06370429830860498,0.007249587487237398,0.0008553212780651534
0.965,0.06330199392801093,0.00868721331902778,0.0008509794709404487
0.966,0.06306091492998564,0.010018616157157231,0.0008475161121183479
0.967,0.06273009455033775,0.011331373968706624,0.0008405525353256206
0.968,0.06232407940143196,0.012583882185171261,0.0008361235945706238
0.969,0.061756310851358354,0.013778600488962317,0.0008330613992050679
0.97,0.06109916545166409,0.015012921660404632,0.0008291311710638501
0.971,0.06049977561427106,0.01629769354061273,0.0008208015672560605
0.972,0.05993606088805041,0.017608109991003467,0.0008088290691659934
0.973,0.059517585524496,0.018932640766198224,0.0007996058436292131
0.974,0.05927840675066379,0.020246859492578796,0.000784499476511208
0.975,0.059190969645379635,0.02153303275691471,0.000770520202849845
0.976,0.059278653367214856,0.022783882279315052,0.0007539472279404717
0.977,0.059337811498302195,0.02385115011678919,0.0007385149738303521
0.978,0.059400014924939286,0.024956190037693515,0.0007246798981090787
0.979,0.05936663162610062,0.025901744597876444,0.0007100015012295939
0.98,0.05923816781873729,0.026824522542219644,0.0006970774160108368
0.981,0.059134043816525775,0.02775611629171183,0.0006863054885551778
0.982,0.059013491794354056,0.028809723173675597,0.0006800330957036984
0.983,0.05893353068318873,0.029844430342115764,0.0006769724663857725
0.984,0.05897071124288587,0.030869760420343235,0.0006741913444398445
0.985,0.05907802162619709,0.0317807218548928,0.0006794686690725453
0.986,0.05928266574743414,0.03254327848528023,0.0006805555188853043
0.987,0.05948176085168066,0.033167148256934606,0.0006871719786784163
0.988,0.05955578091873403,0.03351404407478453,0.0006955115348839795
0.989,0.059680392345673655,0.03370534802397851,0.0007013936642734113
0.99,0.0596849836127931,0.03374498402021243,0.0007106945693281165
0.991,0.059634948632019444,0.03384082799237752,0.0007197730238028024
0.992,0.05965017775658274,0.03386662042397571,0.0007255515008927031
0.993,0.059819766668183484,0.033926764034999134,0.000727688931559694
0.994,0.05988369978002804,0.033961332815754114,0.0007352108405578469
0.995,0.05998263124082199,0.03415057898684077,0.0007400493559916703
0.996,0.060258537375259776,0.03419758162973242,0.0007436523907754719
0.997,0.06061463348300066,0.03429217065957367,0.0007515249144028403
0.998,0.06093574451805067,0.03414312572325506,0.000756624511711798
0.999,0.06105101595503579,0.03384392983526129,0.0007575654422848671
1,0.06116520279690385,0.033378805740391475,0.0007641730329002968
1.001,0.06119483308582015,0.03283272830436597,0.000771150925642279
1.002,0.06104242338840294,0.03241395492150559,0.0007840308455742398
1.003,0.060959904467146386,0.03186530155199495,0.0007930425546488027
1.004,0.06093197210090416,0.03130034206520585,0.0008084948769793673
1.005,0.06097185665051705,0.030716730127909098,0.0008222362336505101
1.006,0.06105996780435265,0.030172469606262783,0.0008394527779155112
1.007,0.06115870922892136,0.030332947365526254,0.0008579196641908787
1.008,0.061148440260332004,0.028668609674657355,0.0008765888369643459
1.009,0.06114542263371402,0.028138919706021847,0.0008938713505825388
1.01,0.06104812506233759,0.027259448050941784,0.0009054484100391013
1.011,0.060897752983588,0.026294674258763365,0.0009189515022893396
1.012,0.06048542911755231,0.025116293168278278,0.0009255829184915121
1.013,0.05999577738156306,0.02391545113933353,0.0009385293496902522
1.014,0.059579676521204286,0.022599194327721978,0.0009528605694420702
1.015,0.05907832973254655,0.021246149808520964,0.0009616437676341965
1.016,0.058553945598847176,0.020016539309967975,0.0009658284285535072
1.017,0.05815742786861057,0.018682795256616494,0.0009669142447726581
1.018,0.05790094588500238,0.017354121724863718,0.0009694450841533643
1.019,0.057703682442640084,0.016043960943034417,0.000969897405492007
1.02,0.057434986423498896,0.01459043516005886,0.0009605089019290932
1.021,0.05724011551504822,0.013230917370569334,0.0009481546207791466
1.022,0.057032221328511074,0.011617556892953074,0.00092808917387104
1.023,0.05678968667746705,0.010036115699925692,0.000911518623075388
1.024,0.05663051213747385,0.0084931446540987,0.0008921761748613953
1.025,0.05644261065541561,0.0068322332017329915,0.0008688920020877996
1.026,0.05624640520946567,0.0053483231333922646,0.0008508845490239041
1.027,0.0559551271878847,0.0039376406863521965,0.0008388429335835298
1.028,0.05560989298535009,0.0026708932475295044,0.0008221865575135615
1.029,0.05535291417052428,0.0013250128432345243,0.0008075194705793911
1.03,0.0550861439598504,9.19650272718231e-06,0.0007971842883429457
1.031,0.05488729624271815,-0.0013875510662154505,0.0007918782823755292
1.032,0.05470743739977022,-0.0027611910544339535,0.0007897107679295857
1.033,0.05444550057122439,-0.004141964151512176,0.0007883505554041145
1.034,0.054216441070290604,-0.005315866852480568,0.0007951756383548255
1.035,0.05387819318454718,-0.006527213062429586,0.000802679182473456
1.036,0.05353681122622598,-0.007761362575748568,0.0008123622289189813
1.037,0.05304377632805585,-0.008827926094755648,0.0008285080184584456
1.038,0.05260810292278949,-0.009782079073804753,0.0008533878618075865
1.039,0.05215535955018188,-0.010623552558026328,0.0008846009608406642
1.04,0.05183387112499841,-0.011269090586067634,0.0009233639940171073
1.041,0.051542756146655745,-0.011814487866051784,0.0009588341809087992
1.042,0.05140479626469871,-0.012285568878774189,0.0009959261942564367
1.043,0.05136353607231673,-0.012507355916180615,0.001031131676367558
1.044,0.05135741111520048,-0.012613959485560988,0.001060139218707902
1.045,0.05129045864592842,-0.012355619789903322,0.00108650939574364
1.046,0.05119514405680767,-0.012045978765888365,0.001106645355206646
1.047,0.0509851742212862,-0.011573462525928307,0.001117174261583294
1.048,0.05064364150840598,-0.010949919065933789,0.0011203295583336473
1.049,0.05014272485228502,-0.0103710984159089,0.0011156424722648167
1.05,0.04955949911786439,-0.009642722681516183,0.001103742461088072
1.051,0.04895190702728374,-0.008827161965072924,0.0010916084823809477
1.052,0.048453066843588355,-0.008060013106883257,0.0010690923932865084
1.053,0.04808602715034503,-0.007278967923781479,0.0010438859272201778
1.054,0.047704818377739946,-0.0064066345337064345,0.0010177856770446844
1.055,0.04738394622739305,-0.00555696107845273,0.0009914315589106075
1.056,0.04706139103853379,-0.004727549118229979,0.0009650356501491274
1.057,0.04660710554716669,-0.003989781035850626,0.0009377739469050142
1.058,0.04615937979973689,-0.003279984378680059,0.0009078162079832692
1.059,0.04570439023622777,-0.002666915958439625,0.0008822215462944963
1.06,0.045268730000774915,-0.00212268530292474,0.0008561804999608682
1.061,0.044933829680095,-0.0017040684650389548,0.0008338077359920214
1.062,0.044769714028278076,-0.0012780799530060227,0.0008114556127259261
1.063,0.04479276684024465,-0.0009574208133393963,0.0007915830920562259
1.064,0.04483516225874041,-0.0006523232543683144,0.0007705586244578918
1.065,0.04500160932164202,-0.0004058488007836064,0.000752791585945489
1.066,0.04520612794423637,-0.00018105268503787464,0.0007394302470829782
1.067,0.04535536431839454,-4.063501580520851e-05,0.0007265314855781781
1.068,0.04540637756194884,5.048851592397152e-05,0.00071356197865366
1.069,0.045473124073317626,9.599153466782057e-05,0.0007048077637050388
1.07,0.04557024517712636,7.785360382918383e-05,0.0006979049382451095
1.071,0.045720405619707985,-1.771498216920908e-05,0.000689761027740377
1.072,0.04589613466471302,-6.916784169579138e-05,0.0006814154398104362
1.073,0.046153499046107674,-8.916766762445683e-05,0.0006773545790535903
1.074,0.04651440658042826,-5.9135544586023936e-05,0.0006688090448898139
1.075,0.046935426334220855,2.8688142690101726e-05,0.0006597901978289426
1.076,0.047242673418017925,0.000183640668802304,0.0006473358451517737
1.077,0.0475263113539344,0.0002920372499382873,0.0006390199825158153
1.078,0.047711393347086524,0.0004701771783755804,0.0006276418378197271
1.079,0.047920590266479955,0.0005133815792360691,0.0006139334569455106
1.08,0.04817379464173316,0.0005860981881527158,0.0005954020658101469
1.081,0.04854357018679059,0.0006871206374204283,0.000577392925808254
1.082,0.049023133584240874,0.0006704284832712709,0.0005570251260938995
1.083,0.04959317699793404,0.0006589283639840196,0.0005373786718965301
1.084,0.05015915013900869,0.0006897186370570033,0.000523280389089697
1.085,0.050686054241013724,0.0006782137355392792,0.0005099266626415878
1.086,0.051168647623876094,0.0006058570106316982,0.00049966740122284
1.087,0.0514676440646752,0.0005010924596140637,0.0004931904625046109
1.088,0.05166855016868824,0.00028997377189363127,0.0004865510961343776
1.089,0.05177609887788536,5.264120398760369e-05,0.000484037053827754
1.09,0.05185831392064119,-0.00028199713372968616,0.0004822505167384753
1.091,0.051959942437741866,-0.000746091151838206,0.0004801339725055159
1.092,0.052144701201525374,-0.0011919688192629854,0.00047749046098315254
1.093,0.05243427461555044,-0.0016882667176202765,0.0004734532350269928
1.094,0.05280402806555769,-0.0021936379824935223,0.00046826503667694
1.095,0.053160819947838604,-0.0026250643418261645,0.0004621260144783356
1.096,0.053489047395520004,-0.0031207666062677553,0.0004520581852663043
1.097,0.053724257615030885,-0.003641584594194244,0.00043838972115537583
1.098,0.053747044060842145,-0.004145055172385734,0.0004240933803131466
1.099,0.05370318396447916,-0.004692325194855632,0.00041220749342975777
1.1,0.05365402805182129,-0.005266574584951302,0.00039532704957436713
1.101,0.053604685763642315,-0.0057700546890297015,0.000378987976377084
1.102,0.05363414361489409,-0.006288807763470017,0.0003601342741263166
1.103,0.053753239081018686,-0.006818464174993506,0.0003419864939853106
1.104,0.05395809181521655,-0.007176773118431078,0.00032304013161498564
1.105,0.05420531701222171,-0.007431569672982197,0.00030804325336748685
1.106,0.05458189350469008,-0.007591210194271917,0.00029636906470772604
1.107,0.054940753185530565,-0.007775207374142305,0.00028062153230512993
1.108,0.055191992510007414,-0.008021825205424054,0.0002684899491155648
1.109,0.05545075255353242,-0.008370671707376431,0.0002574965746638381
1.11,0.05568447929721995,-0.008752553683416327,0.0002467239452793133
1.111,0.056071850049503845,-0.009170680223515224,0.00023661902581174646
1.112,0.05643476181892655,-0.009599545235737245,0.00022738741641656628
1.113,0.05675803662039502,-0.0100095314312048,0.0002179054114125265
1.114,0.05707743085192626,-0.010307837857374377,0.00020520926939345658
1.115,0.057284776479786456,-0.0105322597905525,0.00018997880350236703
1.116,0.057372909194840685,-0.0105698193741399,0.0001757579537489145
1.117,0.057288231649526386,-0.010635864567950468,0.000161966094975628
1.118,0.057132291635361133,-0.01069462904429855,0.00014262725429980592
1.119,0.056827233952383316,-0.010817962438859928,0.00012559086357439415
1.12,0.05650995008356884,-0.010917151707665152,0.00010833249334452798
1.121,0.056223937204138444,-0.011062753702656605,9.015644836157978e-05
1.122,0.05591749716391371,-0.011292000683485034,7.238638530665788e-05
1.123,0.055563674417117674,-0.011501741641387469,5.611072451623092e-05
1.124,0.05523912763739223,-0.011608620481082178,4.114094544555979e-05
1.125,0.0548533455772404,-0.011714723131250788,3.004668360794986e-05
1.126,0.05434520917295426,-0.011772654052805493,2.5203578905053352e-05
1.127,0.05388323246322457,-0.011814121396483225,1.830173227472683e-05
1.128,0.053314384390519796,-0.011841914250925522,1.1334027450180906e-05
1.129,0.05275646171737737,-0.011866003955974222,4.2069575900010345e-06
1.13,0.05230654838563863,-0.011975319526787837,-1.9293433883694035e-06
1.131,0.05197625540922779,-0.01212207636150272,-6.704857815893739e-06
1.132,0.05172340905940601,-0.012260439058727538,-1.087719277440268e-05
1.133,0.05160782903352412,-0.01239822649957022,-1.875656759285502e-05
1.134,0.051434475306622124,-0.012427955568411423,-2.4100959450298605e-05
1.135,0.05129327108067552,-0.01233752469991239,-3.559809785210719e-05
1.136,0.05106754214628649,-0.012158068890725664,-4.922616439279059e-05
1.137,0.05085448199713246,-0.011887944359189948,-6.604560008995335e-05
1.138,0.05059922533753809,-0.011510426533167722,-8.219161813413916e-05
1.139,0.05042219312636713,-0.011187965803245948,-9.947879383288746e-05
1.14,0.050374230146775514,-0.010916555173524953,-0.00011906987625536722
1.141,0.05042425418224336,-0.0106582470367062,-0.00013800841726721406
1.142,0.050517650538877364,-0.010431670402896933,-0.00015807270601262422
1.143,0.050642720697711974,-0.010309603092756489,-0.00017623687998195538
1.144,0.05092365217497105,-0.010113935241943992,-0.00019299041452179182
1.145,0.05115227264345451,-0.009870702286631484,-0.00021288346587693924
1.146,0.05124889425092709,-0.009558662069330582,-0.00022823249644070423
1.147,0.05127669697338975,-0.00919460585900689,-0.00024328307578033026
1.148,0.05122797449119798,-0.0087043308796676,-0.00025641713769024814
1.149,0.051087109485374524,-0.008167862895478118,-0.00026810433874556016
1.15,0.050960031256481866,-0.0076821852974743535,-0.0002782330697373731
1.151,0.050871599672338966,-0.007239665585116031,-0.00029019380317958486
1.152,0.050847735455327156,-0.006874997861798633,-0.00030279341729410247
1.153,0.0507733352465875,-0.00665812376853234,-0.00031744809697318546
1.154,0.05064229313301329,-0.006410651832307875,-0.00033222390898124887
1.155,0.05055713633324369,-0.006290018042674997,-0.0003481358518843258
1.156,0.050370730219702016,-0.00612550568169958,-0.00036535292403665817
1.157,0.05015183574849191,-0.005825456071820308,-0.00038456396799168197
1.158,0.04985527741175182,-0.005454646961115613,-0.00040419252903747685
1.159,0.04945356804776747,-0.0049143862686972135,-0.00042245062139375443
1.16,0.049175812325706336,-0.004374988125659687,-0.00044164248417385965
1.161,0.04891755957728479,-0.0037229529917230803,-0.0004539096010314713
1.162,0.0486757617271808,-0.0030952643317143994,-0.00047088017897583455
1.163,0.04852785980844486,-0.002516884993601712,-0.0004844788141396189
1.164,0.048351971464769675,-0.0020638009442600965,-0.0004961120970401726
1.165,0.048247755985742005,-0.0015726224397721337,-0.0005084024443835278
1.166,0.04807015336051755,-0.0011839657372115144,-0.0005181738237765951
1.167,0.04785562754987716,-0.0006417730928895988,-0.0005257106321183368
1.168,0.04754491818922485,-8.267198623173808e-05,-0.0005310786015297772
1.169,0.047106119675487564,0.00037897934838465705,-0.0005336405407774122
1.17,0.046612887915864015,0.0008908933876072434,-0.0005357657811069735
1.171,0.046182663853958715,0.00132056286561286,-0.0005368555863095575
1.172,0.045799615079789406,0.0017457061087962113,-0.0005351946090071825
1.173,0.045478368328906206,0.002276843944367179,-0.0005288690773641631
1.174,0.04528173689462975,0.0027200842206409823,-0.0005256936348167584
1.175,0.045128471331401715,0.002979404308167878,-0.0005184640554343588
1.176,0.04514999692877867,0.003295523057489455,-0.0005165413283063122
1.177,0.045182594182365976,0.003532747741797867,-0.0005108700291436867
1.178,0.04519607921958961,0.0037050680597311737,-0.0005051340335376515
1.179,0.045200789585524356,0.003858964241977174,-0.0004998399087501664
1.18,0.04519020889161039,0.00408417992000565,-0.0004959951285154053
1.181,0.04510496088790793,0.0043793576926538375,-0.0004932252316686377
1.182,0.04502683376674553,0.00459357560093014,-0.0004909599166439403
1.183,0.045019777517751255,0.0047724830201346154,-0.0004918570558186947
1.184,0.04488377237893157,0.004847806583896622,-0.0004950048964730864
1.185,0.044824395313970596,0.004883145508392075,-0.000499628943768024
1.186,0.04472708841316128,0.004732939115972973,-0.0005046464280140278
1.187,0.04476387138455294,0.004770090275828984,-0.0005103502711135378
1.188,0.044877403812665966,0.004732435901135914,-0.0005187719919312594
1.189,0.045008601798782126,0.004704250574213789,-0.0005301810733094965
1.19,0.04507817246526771,0.004810000459297583,-0.0005395707188052465
1.191,0.0450156065842333,0.004955485687895716,-0.0005437833590941624
1.192,0.045095499051455545,0.00524109263451441,-0.0005522888863750601
1.193,0.04503094810658731,0.005469674285410415,-0.0005598898701047889
1.194,0.044868683045746996,0.005712610498076778,-0.0005667519743033115
1.195,0.04469035816800539,0.00594286833397277,-0.0005743169421994765
1.196,0.044403706629454906,0.006034087951562775,-0.000582809104670648
1.197,0.04426328488348356,0.006168672201497361,-0.0005895710403904478
1.198,0.044091103995446544,0.006261725750960999,-0.0005972160109980882
1.199,0.04389754447614809,0.0063640272043783575,-0.0006022269922067548
1.2,0.043773519215263804,0.0065440588569655265,-0.0006032194423906891
1.201,0.043634503236858135,0.006723251523475285,-0.0006061370930713754
1.202,0.04348012160002588,0.00694726265726503,-0.000609104633725986
1.203,0.043476967467738714,0.0071501319422844906,-0.0006106194112273362
1.204,0.04340130374524094,0.007366003585371619,-0.0006127061083517353
1.205,0.04326576907714911,0.0075078374537314654,-0.0006160689573388437
1.206,0.04311745006012957,0.007667879702250635,-0.0006156894691354891
1.207,0.04309184812338873,0.007669814374170539,-0.0006163092634097636
1.208,0.043017957297324966,0.007605200599239845,-0.0006138961932826234
1.209,0.04292902654824156,0.007543673242087434,-0.0006140132122040583
1.21,0.04286716266613835,0.0075694089704419175,-0.0006078769080543772
1.211,0.042784228157665666,0.007705967052741437,-0.0006017585434661399
1.212,0.042607823854484514,0.007714715930840079,-0.0005935712983586975
1.213,0.04232529639762081,0.007743382113314962,-0.0005862993323236855
1.214,0.04194808182856336,0.007684223595309264,-0.0005757332826490642
1.215,0.04150971762946523,0.007636847596805149,-0.0005630170440516864
1.216,0.04109596532454501,0.007641603965423634,-0.0005498178321827957
1.217,0.04068712822959542,0.007551822273363248,-0.0005350084487150328
1.218,0.04035447091574221,0.007475345718803143,-0.0005180747857342675
1.219,0.04007016681424881,0.007431036549706144,-0.0005008777328889895
1.22,0.03973393739816417,0.007491186656818048,-0.00048053635874693206
1.221,0.039427010722654615,0.007543709168526112,-0.00046023223933364696
1.222,0.039119626341855514,0.007583256285794725,-0.000440368573525428
1.223,0.038883289628641494,0.007726221988214127,-0.00041867005251872526
1.224,0.03867658980987279,0.007868116948031023,-0.00039832872150649397
1.225,0.03853931500132453,0.007997152326286075,-0.0003795956981053871
1.226,0.03849414446589228,0.008137042913709869,-0.0003624158921166691
1.227,0.0385144089494444,0.00821920889882144,-0.0003471312306445539
1.228,0.038546642186756,0.008296783688231335,-0.00033435976609821774
1.229,0.03869728142820987,0.008359665384991777,-0.0003237206709880804
1.23,0.03880873381853797,0.008434580839661525,-0.000314713319838186
1.231,0.03884995446636767,0.00853338510941383,-0.0003079617079128986
1.232,0.03876394084062803,0.008710777725404122,-0.00030294490374271346
1.233,0.038687506786559356,0.008849162339582481,-0.0002988998557032043
1.234,0.038414532314634806,0.0089729684090415,-0.0002970922359210612
1.235,0.03812688049354837,0.009040433082067839,-0.00029705303851978993
1.236,0.0378676278451252,0.009006257028835424,-0.00029999929496738863
1.237,0.03763554509678316,0.008921155466137157,-0.0003026919915265936
1.238,0.037430378591402906,0.008798293825432554,-0.00030599312671164135
1.239,0.03734211725975377,0.008599502691297112,-0.0003112484779661934
1.24,0.037334073919782926,0.008476222506133002,-0.0003148992873146522
1.241,0.03737073021735871,0.008371458145800863,-0.00031907858618169
1.242,0.03737650591167401,0.008306005492915346,-0.0003240781858277851
1.243,0.03728290287983287,0.008176025122849942,-0.00032980161820460763
1.244,0.03724357376057344,0.008140714435300608,-0.00032959209810971195
1.245,0.03714474761705104,0.007993378812563429,-0.00032922382647378374
1.246,0.036984694206373,0.007714775765731451,-0.00032828572356826064
1.247,0.03686297246800982,0.007342098876404149,-0.0003248772784750438
1.248,0.03674958536195888,0.006745381235539985,-0.0003197929496683695
1.249,0.036626843530494745,0.006135206510097205,-0.00031308115128473506
1.25,0.036584797749680084,0.005516917258515608,-0.00030209719859800185
1.251,0.03658468658126451,0.004871105196788739,-0.00028837392202267433
1.252,0.03655399193087358,0.004288452271478574,-0.00027227007835624155
1.253,0.03660631940471113,0.0037331829211739165,-0.0002547133756723557
1.254,0.036666392596148914,0.0033095429288523825,-0.00023343043718435878
1.255,0.036759623894858706,0.0028494033223413207,-0.00021266917025919603
1.256,0.036859050152055275,0.00233677766693946,-0.0001915222193897304
1.257,0.03708623857288218,0.0017753628838623678,-0.00017195317322796244
1.258,0.03725566915623242,0.0011517225910662801,-0.0001501783272879598
1.259,0.03738691407951657,0.0004479665223844284,-0.00013008970353456395
1.26,0.03741941782179688,-0.00029041448457001184,-0.00010891201450881675
1.261,0.037388065409163465,-0.0010960035219680642,-9.015321288149167e-05
1.262,0.03730802254087748,-0.0018165429911907727,-7.445461017991349e-05
1.263,0.03719224747889532,-0.0024804960831314032,-6.115610078297087e-05
1.264,0.03704991088975823,-0.003095969558290293,-4.9893000260274514e-05
1.265,0.03694284732364563,-0.0036315993367833366,-3.987428584507923e-05
1.266,0.036906995328198085,-0.00411994209995048,-3.2686645869862995e-05
1.267,0.03699603668912026,-0.004578810343038739,-2.489083909544055e-05
1.268,0.03720711109720224,-0.004980605036682101,-1.9957620529287702e-05
1.269,0.037452585661042676,-0.00535425551504011,-1.7050200678402397e-05
1.27,0.03764268773190445,-0.005701035328259121,-1.809781362066196e-05
1.271,0.03773341016723626,-0.005985095669293672,-1.9150493302733194e-05
1.272,0.03771371225115241,-0.006218143184096747,-2.184018039673658e-05
1.273,0.0374955352918326,-0.0063193348511938405,-2.6480790797319288e-05
1.274,0.03721556666370449,-0.006281240384410226,-3.0887334740749934e-05
1.275,0.03690224038548995,-0.006204636449970449,-3.7509466577231626e-05
1.276,0.036621196780675616,-0.006105250667182982,-4.595109720117747e-05
1.277,0.03643418072353906,-0.005990948228652801,-5.5754814867094355e-05
1.278,0.03637396428101807,-0.0058963609571903025,-6.668980251534398e-05
1.279,0.03637443284741624,-0.005771158886137606,-7.619650427425988e-05
1.28,0.036437694644013585,-0.005638332046902797,-8.709954866813186e-05
1.281,0.0364753767946651,-0.00544637848807282,-0.00010069256869092171
1.282,0.03650571012775306,-0.005263467236940808,-0.00011129472685574807
1.283,0.03646054597526817,-0.005084975553566892,-0.00012305300526734703
1.284,0.03631723288639138,-0.004845950147860857,-0.00013362895813006227
1.285,0.0360485649607708,-0.00463685852351476,-0.00013824336101767888
1.286,0.035798386875979395,-0.00450999518201782,-0.00014442129550765593
1.287,0.035585373983057986,-0.0044894575042752835,-0.00015043010308751293
1.288,0.035482635963487955,-0.004549078400245765,-0.0001555975365462839
1.289,0.035457813824859505,-0.004665114117772068,-0.00015840351232663977
1.29,0.03553233222919509,-0.004840438923812827,-0.00015826614745313976
1.291,0.035610367872468546,-0.005089074122104284,-0.0001599959706325623
1.292,0.03573656663244365,-0.005396369037040154,-0.00015939982038295705
1.293,0.035861156024485905,-0.005684806671720194,-0.00015840555610052416
1.294,0.03597614056473273,-0.005952167663529996,-0.0001518901995254578
1.295,0.03608581290943102,-0.006210683420268183,-0.00014705242659515682
1.296,0.03623692714694158,-0.006465563642406323,-0.000142956853413477
1.297,0.036394137259740944,-0.006734478294367907,-0.00013961457708547417
1.298,0.036561049143139915,-0.007037534547943106,-0.00013653022328219422
1.299,0.036717794216996634,-0.007387825918704374,-0.00013494466339270266
1.3,0.036807321037190144,-0.007761795139370999,-0.00013345250543766486
1.301,0.036852846242583503,-0.008142338144051964,-0.00013160244124880906
1.302,0.03682240415628516,-0.008543642626959856,-0.0001298880811995437
1.303,0.03670785319025908,-0.00895930221479508,-0.00012790885619133065
1.304,0.03661720356273082,-0.009304158144229004,-0.00012586898227459772
1.305,0.03660437746005116,-0.00965048447078385,-0.0001244992790307715
1.306,0.03667302938989794,-0.009917094954036712,-0.0001222711992358165
1.307,0.036902879978867806,-0.010145999910307651,-0.00012241213917326516
1.308,0.03719637693291035,-0.010350497897466206,-0.00011898984686864705
1.309,0.03749485649669376,-0.0105042541854488,-0.00011572502119866284
1.31,0.03779460556892928,-0.01067368846527762,-0.00011540151198016681
1.311,0.03794314020482979,-0.010820576239217627,-0.00011725724815802609
1.312,0.03799988516599611,-0.010989728483221821,-0.0001177109449394581
1.313,0.0379032946138957,-0.011098727044378101,-0.00012148955485053229
1.314,0.037708852899688644,-0.01116063679665967,-0.00012944286196609053
1.315,0.037588435035463885,-0.011131218401251385,-0.000138946658242555
1.316,0.03759084750362786,-0.011115303474394121,-0.00014717148104506064
1.317,0.03781969426496329,-0.011066401954128051,-0.0001599798911807958
1.318,0.03816796453430152,-0.010957973100248458,-0.00017477285950902625
1.319,0.038661612892257294,-0.010793793800704807,-0.00018977591659348036
1.32,0.03911877895375076,-0.010600224365512882,-0.0002060512263651074
1.321,0.03946081648817842,-0.010380992309491837,-0.00022211751225230684
1.322,0.03961308307630878,-0.01012732741388186,-0.00023700710364253598
1.323,0.03954526222784326,-0.00988982196384445,-0.00025216195021697546
1.324,0.03935886469162436,-0.009654281342701933,-0.0002675472971005316
1.325,0.03908733425441213,-0.009405174558982841,-0.0002830379514450824
1.326,0.03889231810179445,-0.009153621906071975,-0.0002976785953375645
1.327,0.038847658654954376,-0.008861720791931087,-0.0003130633122085212
1.328,0.03892573051033943,-0.008569095168250628,-0.0003290247734803858
1.329,0.03916385964811815,-0.008179299859817461,-0.0003452250987139899
1.33,0.0393866175447771,-0.007669752683423004,-0.0003591373094273486
1.331,0.0395686496407778,-0.007117936893705039,-0.00037329662498003746
1.332,0.03958259142606127,-0.006556260148200684,-0.00038752075500326274
1.333,0.039404207024596266,-0.00594304222319484,-0.00039941225075751174
1.334,0.03904161991562303,-0.005195055836246812,-0.0004105317786111566
1.335,0.03856859550861013,-0.004477324588578222,-0.00042329886694795343
1.336,0.03808638170738166,-0.0038049881379493486,-0.0004374998935009637
1.337,0.03771629030753784,-0.0030726077989797138,-0.00045022364951839515
1.338,0.037584695708671255,-0.0022502814115686748,-0.00046454290335285625
1.339,0.037564854725577516,-0.0014303669181197423,-0.0004779142327323005
1.34,0.03766459352738901,-0.000614511403910091,-0.0004935216651417616
1.341,0.037719739184825324,0.00025770433574549834,-0.0005088543922323774
1.342,0.037767708568370334,0.0011994110238816216,-0.0005265502077075365
1.343,0.03769150876248416,0.0021800142850294073,-0.0005431356507611641
1.344,0.03753056350029243,0.0032035722504011963,-0.0005603202862031606
1.345,0.037346391361673274,0.00422354049631044,-0.0005807913643648106
1.346,0.037222690585264624,0.00523024804133505,-0.0006018575796963056
1.347,0.03719776085047627,0.006197361364999279,-0.0006227284297252077
1.348,0.037435346312115605,0.0071816717546512,-0.0006448650328851387
1.349,0.037850414976018834,0.008154160974063275,-0.0006687652400269473
1.35,0.03838396026895044,0.009147722194747203,-0.0006906138548237594
1.351,0.039109989949601576,0.010040270771149726,-0.0007137541152356155
1.352,0.03985241779334561,0.010940439059992634,-0.0007371871108285698
1.353,0.04052681351326101,0.011829938390269405,-0.0007610371931382386
1.354,0.04114150839418959,0.012766615623641115,-0.0007827373690255167
1.355,0.04165446736757694,0.01366926113187842,-0.0008045493598944527
1.356,0.04211601475875319,0.0145403228955081,-0.0008267354646786498
1.357,0.04256935375016361,0.015361365479956122,-0.0008451921530406104
1.358,0.04302899230543518,0.016081843582615822,-0.0008612633228116537
1.359,0.04346136576680162,0.016707751791634293,-0.0008768081036823896
1.36,0.04392219399216768,0.01734256752418762,-0.0008883814134100767
1.361,0.04425931734145488,0.017956131949765235,-0.0008936263031446194
1.362,0.044462741565305434,0.018493890114004517,-0.000893560280114727
1.363,0.044535997482677864,0.018966442247430725,-0.0008874173933568032
1.364,0.0444702262425649,0.019385077264408846,-0.0008768087443524074
1.365,0.044274715324101106,0.019757123949349798,-0.0008615820934032148
1.366,0.044051088191122856,0.020001445017994394,-0.0008402713657155301
1.367,0.04381695043918215,0.020434647607040952,-0.0008213672196531241
1.368,0.04351258119499614,0.02091290001581808,-0.000800519038878568
1.369,0.04326647543900709,0.0213075865445365,-0.0007822632038794286
1.37,0.04300435810467198,0.021811202639620983,-0.0007599157058341961
1.371,0.04273403283408653,0.022304055454007772,-0.0007450497633977606
1.372,0.042386150385987004,0.02286187640965346,-0.0007326099538806744
1.373,0.04204482924178293,0.023427259174711258,-0.0007233608790078304
1.374,0.0416907066579585,0.023955045357992075,-0.000714547893943928
1.375,0.041362910572071074,0.02453077784693497,-0.0007089752939101923
1.376,0.041114279101306404,0.025177352023819728,-0.0007058785808201671
1.377,0.04087880178012079,0.025661687940504094,-0.0007001532067675441
1.378,0.04083004690959783,0.026278867090302187,-0.0006928229601951489
1.379,0.04084364712211538,0.026991884472053647,-0.0006851585973663879
1.38,0.0408345901318059,0.027692639379184286,-0.0006757089558244665
1.381,0.04081166636353699,0.028445924419002386,-0.0006659756100522232
1.382,0.040646010436464354,0.028990798239349927,-0.0006557608006611303
1.383,0.0403769247431254,0.02941988565757323,-0.0006449533350438001
1.384,0.04002308472577613,0.029897856967936162,-0.0006308360684081868
1.385,0.039729973329525325,0.030170030115268753,-0.0006170159641578891
1.386,0.03938504549209014,0.03017208461618794,-0.000601199755371216
1.387,0.03914137642640921,0.030104407360114833,-0.0005848407334149516
1.388,0.03918136377450035,0.030028001247601417,-0.0005627327947364864
1.389,0.03925993602442246,0.029778093211776428,-0.0005416071889632006
1.39,0.03944312552307106,0.029573233652111633,-0.0005186428276053612
1.391,0.039637231115409025,0.029056299420596746,-0.0004927244052222099
1.392,0.03978085943626496,0.02858183282331543,-0.0004676301462927687
1.393,0.03986981459900382,0.028203006414968382,-0.0004425427116616964
1.394,0.03984978608047795,0.027603932472535852,-0.00041236263676204326
1.395,0.03981035371571468,0.026870104125586967,-0.00038639268876971926
1.396,0.0396821334725299,0.026175686175891315,-0.000362192781885899
1.397,0.03963721183930051,0.02527983754051518,-0.0003361038325223435
1.398,0.039650972580859326,0.024280258925487835,-0.00030944988333586674
1.399,0.0397412181609627,0.023332950569687545,-0.00028236436228039726
1.4,0.03988582327036846,0.0224632508166268,-0.00025906171225414357
1.401,0.04011927499891923,0.021761748883306092,-0.00023731139689233088
1.402,0.04035079510254925,0.021051059407645716,-0.00021464560166881141
1.403,0.04056325125976801,0.020262015892696432,-0.0001878633199368662
1.404,0.04079341009639442,0.019517777250678648,-0.00015869898679539727
1.405,0.040988368965338716,0.018745495821017033,-0.00013112436004132796
1.406,0.04100526095678098,0.01787630390546959,-0.00010106178601173899
1.407,0.04103910227623723,0.016938109364379467,-6.763990425463046e-05
1.408,0.041048101627406214,0.015891769990677866,-3.620618107371169e-05
1.409,0.04110435111588838,0.014738025844134237,-5.20127225088295e-06
1.41,0.04122331238415861,0.013593113964268266,2.172427694316489e-05
1.411,0.04146565650859435,0.012430031868463608,5.183530996064425e-05
1.412,0.04174115197047311,0.011437420218601564,8.392488934395089e-05
1.413,0.04204578261302809,0.01043596441159848,0.00011375843339283252
1.414,0.04247175168402298,0.00949452864109655,0.0001415132850681656
1.415,0.04287209734946261,0.008564509499242558,0.00017053676616279916
1.416,0.04325387593039878,0.007662473834486684,0.00019466002119648287
1.417,0.04366413976522447,0.006769305046052738,0.00022178435104986197
1.418,0.044077398865908696,0.0057761641471087526,0.0002451510908024691
1.419,0.04441034187226078,0.004730705435712662,0.0002635541384105693
1.42,0.04474465057785185,0.0037135919956176357,0.0002801083190811822
1.421,0.045184778732665486,0.002807555453390516,0.00029625041238000717
1.422,0.045631500298615305,0.0020630467615388587,0.00031145161944974857
1.423,0.04612702264479222,0.001496836791738905,0.00032449334255731793
1.424,0.046605709355543104,0.001070843251987988,0.0003370402965307611
1.425,0.04708034725463487,0.0007732608059954418,0.0003510025051694632
1.426,0.0475311094173127,0.0006238326765110672,0.0003634541633197744
1.427,0.0478669495939362,0.0004915057562201244,0.0003736798420070792
1.428,0.04823334177444052,0.00037276082409543054,0.00038159295882926445
1.429,0.04856351196154699,0.00029158841859169837,0.0003873073169080244
1.43,0.048917400928082236,0.00022680974496896988,0.0003938721708849833
1.431,0.04934437644624142,0.00021404952760013807,0.00040097349321723425
1.432,0.04980267162460604,0.0003162689692329246,0.0004049335561079602
1.433,0.05034615696772634,0.0005121231336632642,0.000407059758160168
1.434,0.050936910941942526,0.0008475566508510529,0.0004102894940918225
1.435,0.05148804167940169,0.0013101269759872233,0.00041129998769309816
1.436,0.05202897934856452,0.001800416219024721,0.00041444859805179953
1.437,0.052474446784797145,0.002330107464090299,0.00041727215503548065
1.438,0.052792799199362986,0.0028673637372508345,0.00041965057661704766
1.439,0.05299985070018172,0.003396481283831257,0.00042282120953639885
1.44,0.05313648073254769,0.003880669223491992,0.0004268416745895424
1.441,0.053253074004125545,0.004228599915632944,0.0004349437486912661
1.442,0.053377550255567036,0.004535324910172001,0.000443975608455758
1.443,0.053517044961501954,0.00486096857600847,0.0004542310838730856
1.444,0.0537773489177167,0.005197620349693455,0.00046886077543537995
1.445,0.054120631574913584,0.005614984409395049,0.0004839104753977087
1.446,0.05450129475059273,0.00598036754248063,0.0004972040636451868
1.447,0.054909798660348876,0.006308460529353729,0.0005125961539043217
1.448,0.05527657604050903,0.00660290688371868,0.000531226284036482
1.449,0.05554513468712703,0.0068570144398362315,0.0005516913632198022
1.45,0.05573915786132272,0.007040241041972074,0.0005731648289311489
1.451,0.055824404850480375,0.007158768640228574,0.0005960505816494889
1.452,0.05592037734747874,0.007219940219468382,0.000618918716721613
1.453,0.05603751565780962,0.007273151434646213,0.0006421867460373414
1.454,0.05623021420429755,0.007350724538975811,0.0006654228763520668
1.455,0.056557938466776425,0.007470640062847492,0.0006900987005764929
1.456,0.057052699205427285,0.007569742460835013,0.0007132590804182148
1.457,0.05764523524504634,0.007696837957294034,0.0007379724857989641
1.458,0.058308097939704345,0.007876270944751539,0.0007619699532006548
1.459,0.058985259292265106,0.008020257207360756,0.0007880839938663912
1.46,0.059595921482621016,0.008088766624547827,0.0008135831527088624
1.461,0.06013176933280566,0.00814701270326506,0.0008399545698902129
1.462,0.060532206940472566,0.00819613201668034,0.000865973660242596
1.463,0.060881137615841865,0.008272352457828404,0.0008910528422169232
1.464,0.06121644766924465,0.00837218290937608,0.0009151877971040499
1.465,0.06155806019813446,0.008473870366763628,0.0009374304245408806
1.466,0.062001323600986695,0.008674168109828281,0.000962858953399346
1.467,0.06251196130920754,0.00884022736339972,0.00098623111609339
1.468,0.06302712520414457,0.009033520018970627,0.0010089980942888893
1.469,0.06349560949821412,0.009214418477077421,0.0010302807286934861
1.47,0.06384996275329403,0.009332808045015711,0.0010503599233244456
1.471,0.063940169990374,0.009326221421957347,0.0010716455976569486
1.472,0.0639810665074975,0.009420188112859634,0.0010917636754575852
1.473,0.06385787276044665,0.00941664903781702,0.001110969125945259
1.474,0.06363396100288644,0.009459138457159996,0.0011263990718693778
1.475,0.06336734981670687,0.00951361282673513,0.0011404314108022346
1.476,0.06317096703975306,0.009587594035547584,0.0011474830858111405
1.477,0.06318082087374345,0.00974259824582397,0.001155544744728252
1.478,0.06329020419230398,0.009952921210777309,0.001158586302979167
1.479,0.0634648405174985,0.010102264232507163,0.001158490738156394
1.48,0.06360464282281571,0.010286577775246095,0.0011562127946822122
1.481,0.06365205150937969,0.010427371012653203,0.0011518559106748827
1.482,0.06358024816025228,0.010515581266715028,0.0011464459620789617
1.483,0.0633317856392166,0.010528997903271393,0.001139550822064191
1.484,0.06299893505502067,0.01056372100055971,0.001130818587379993
1.485,0.06267270832394327,0.010621588337068583,0.0011216699661138925
1.486,0.06250929070218572,0.010641581041419802,0.001114510445698339
1.487,0.06256351786795147,0.0106825408428807,0.0011049225554839064
1.488,0.0628093635095092,0.01073175472106671,0.0010925917554438637
1.489,0.06330682713200841,0.010780122221164791,0.0010790648248092862
1.49,0.06389975504535106,0.010741885359806493,0.0010677634988141504
1.491,0.06451052955113588,0.010610316262463587,0.0010540384165850726
1.492,0.06502531141269907,0.010374244722248613,0.0010413752819491838
1.493,0.06532492074957154,0.010092681971166976,0.0010294779532301964
1.494,0.06540864103952197,0.009758805355103442,0.0010172756559715852
1.495,0.0654132918963963,0.009447491816027477,0.0010046461623105286
1.496,0.06545660324404966,0.009054345599907927,0.0009949128847124063
1.497,0.06555183892253573,0.00869720288369355,0.0009874924014817883
1.498,0.06584464305917326,0.008334312158924877,0.000985116679972343
1.499,0.06636237423490274,0.007870002222002959,0.0009889757521993735
1.5,0.06705832206583717,0.007288294900694527,0.0009950387475135274
1.501,0.06784070099835793,0.0066443472329747455,0.0010033755090512997
1.502,0.06849619397590091,0.006059605981829967,0.001012872066240069
1.503,0.06906083415820599,0.0053447339556673655,0.0010257414447349894
1.504,0.0694430072571285,0.0047229218530713685,0.001040412635164096
1.505,0.06956010848474103,0.004069747873424241,0.0010546855125832745
1.506,0.06957515359618749,0.003408363464020063,0.001066819920957704
1.507,0.0695523817121368,0.002856231763264022,0.0010788906526735405
1.508,0.06960611529894078,0.0022622615083588565,0.0010958651550696916
1.509,0.06973609040379546,0.0018081895280832039,0.0011085076907916467
1.51,0.06997294808815212,0.0014020255840682394,0.001117849664520326
1.511,0.07034347993325854,0.0010396938114619683,0.0011317466571643022
1.512,0.07074786783306893,0.000835149478962377,0.001145478941132099
1.513,0.07109006209174387,0.0006179250535387551,0.0011541508845229031
1.514,0.07127617185281941,0.00044412759160680076,0.0011586734817689397
1.515,0.07126219252492806,0.00042829559500065506,0.0011615968576622858
1.516,0.07105248918391435,0.0005374712539937543,0.0011631611016316564
1.517,0.07072691712613771,0.0006806807022847541,0.001161107988326008
1.518,0.07038045847305442,0.0008127119125886303,0.001160426752351762
1.519,0.07013731211237928,0.0010787483818991278,0.0011536253990511126
1.52,0.06981665199465133,0.0012255425648696958,0.0011473449813154918
1.521,0.06960313448307819,0.0014178805046942203,0.0011455534046328217
1.522,0.06937106064461858,0.001494620882161797,0.0011423744865100161
1.523,0.0690584936053648,0.0016100327714782085,0.001144646357377094
1.524,0.06863455605813815,0.001685776976885739,0.0011491789331978103
1.525,0.0681708439073155,0.0017599470524954745,0.0011501042122286174
1.526,0.06750309448663179,0.0018792861654194012,0.0011454872559827768
1.527,0.06676150646381906,0.002065526268755835,0.0011476221052027897
1.528,0.06603289051859221,0.0022578658799598944,0.0011501234303719571
1.529,0.06537232704480601,0.0024152268767460017,0.0011465227219348935
1.53,0.06481747211533076,0.002622954484927484,0.0011405319600194773
1.531,0.06429814850877996,0.0027700445694650994,0.0011326966553847398
1.532,0.0638754675322741,0.0029958192314469834,0.0011220987037733878
1.533,0.06343973800092098,0.003165607607749853,0.0011029440493846758
1.534,0.06295162614632005,0.003327972369977383,0.0010838404519397681
1.535,0.062307741612918494,0.0035394140695980754,0.0010599974934814228
1.536,0.0616276114200697,0.003775546507224733,0.0010389189370212009
1.537,0.06087437519746654,0.004108473756553151,0.001012190145625128
1.538,0.06010808093846151,0.004460377433905899,0.0009864712156702994
1.539,0.059461265281663574,0.004886352023927561,0.0009603727704236846
1.54,0.058897423914214056,0.005292656698236968,0.0009346641934394277
1.541,0.05854712322122344,0.005621146705662185,0.0009070938518873402
1.542,0.05834777783159619,0.005917750735480808,0.0008828613990188748
1.543,0.05825343571344184,0.006234612959822838,0.0008584657283889753
1.544,0.05816635950435266,0.006460390127861516,0.0008345662149306264
1.545,0.05800582729045682,0.006629402154487713,0.0008127878842456054
1.546,0.057811486800215445,0.006743029370153314,0.0007865751949201266
1.547,0.05764655594102095,0.006857048243459051,0.0007642713293271112
1.548,0.05737272031116026,0.006908176112145729,0.0007428423130338844
1.549,0.05709066833991357,0.00699247521893933,0.0007233693750400964
1.55,0.05685944389857425,0.007049776789385781,0.0007017800589356687
1.551,0.05661803736411675,0.007055952366958319,0.0006804981570132538
1.552,0.056590114511755316,0.006949066054632103,0.00065849528831897
1.553,0.05659937532100781,0.006879954138896843,0.0006381189480472163
1.554,0.05661954112262024,0.006787662554052392,0.0006177016966340877
1.555,0.05646721296295816,0.00668244771548978,0.0006031888999496717
1.556,0.056236019077726684,0.00655812051636228,0.0005875691211018031
1.557,0.055956582260551335,0.006450825525717834,0.0005724185217007989
1.558,0.05547537277249055,0.006340086768403152,0.0005597751728547596
1.559,0.054890336173263964,0.0062469779637170115,0.0005441401074553171
1.56,0.05438714444522751,0.006206353034414441,0.0005337796355376087
1.561,0.05394560511615609,0.006183792925519571,0.000524799401885658
1.562,0.05368336621233407,0.006151844338689418,0.0005175255439191194
1.563,0.05354369058280891,0.006132743410304471,0.0005109301749555488
1.564,0.05350488627476683,0.006045327107077213,0.0005016305653359937
1.565,0.05357092066704686,0.00600459528282447,0.0004995196337251007
1.566,0.05359121107562058,0.005959705313903205,0.0004968908240370887
1.567,0.05353614159330122,0.0059218212330110105,0.0004948626414022003
1.568,0.05332531920411377,0.005900182125962099,0.0004904108542706227
1.569,0.05299888723033653,0.005784493696295981,0.0004891227602518277
1.57,0.05273379261171181,0.005665960301812843,0.0004933364801636646
1.571,0.05251244540469426,0.005503209897719134,0.0005003679341882713
1.572,0.052357524680164025,0.005360379613799161,0.0005068027293756332
1.573,0.052307646194663215,0.0051640817417548755,0.0005134479514896787
1.574,0.05231771587346652,0.004931011462401082,0.0005234295822275422
1.575,0.052413298952661114,0.004761443794789936,0.0005368753520749324
1.576,0.0524935780659883,0.004566288275164695,0.0005519320291022002
1.577,0.052526649036419834,0.004390028731848433,0.0005660229599045518
1.578,0.05240655554649036,0.004263119165330214,0.0005852946882505319
1.579,0.05220877863766787,0.004087636844321611,0.0006039335697507089
1.58,0.052011160076208277,0.003968206616062524,0.0006207097506933305
1.581,0.0517910281482022,0.0037543591785928815,0.0006382350940789439
1.582,0.051694497565082105,0.00364815154194516,0.000656248302256431
1.583,0.05173224186600554,0.00349402844395148,0.0006682477741659395
1.584,0.05187238974355903,0.0035273884750272304,0.0006785250873452952
1.585,0.05215705104660279,0.0035026937760366354,0.0006863853606630286
1.586,0.052474406662195966,0.0035821336473866594,0.0006936758720885747
1.587,0.05272041925421663,0.0037678272658937875,0.0006981836801532983
1.588,0.052829719004336056,0.0039102497853288,0.000701064310401651
1.589,0.05279843556160438,0.0040273255723719675,0.000702477497227305
1.59,0.052693856034684225,0.004015697960231459,0.0006994128214980403
1.591,0.052583721321353846,0.004009721784340578,0.0006960654976936741
1.592,0.05251199332545651,0.003933599553327836,0.0006939445580420919
1.593,0.05256658217272532,0.0038801771756972123,0.0006895825165410979
1.594,0.05282758117832872,0.00370291768380752,0.0006882597069261607
1.595,0.05323634940220725,0.003612561647326501,0.0006835294522500874
1.596,0.05375423543498684,0.003583786481987329,0.0006790663355654359
1.597,0.05433153029957524,0.0035838925429552797,0.0006764779073555332
1.598,0.05487134522703512,0.0035409384941590266,0.0006694097649076501
1.599,0.05531255513124215,0.0034939708481929455,0.0006605770373649417
1.6,0.05566098166949381,0.003436252341708714,0.0006524203908761066
1.601,0.055869882603812704,0.0033041792636565592,0.0006452285172916035
1.602,0.05601272073163767,0.0030772271731000517,0.0006339634572612798
1.603,0.056152318017175726,0.0028080686472556856,0.0006261037474147978
1.604,0.05640383234786365,0.0025741159374531386,0.0006160372316690828
1.605,0.056797164851705155,0.0024073851707403487,0.0006100368331006541
1.606,0.05718761064005575,0.0022493200499291584,0.0006006119102047137
1.607,0.0577027799567576,0.002283533431237255,0.0005921590183830324
1.608,0.058271704103392746,0.002360400754636005,0.0005733096396618031
1.609,0.058832173391840964,0.0025296354785641385,0.000556891588394497
1.61,0.05919336292810619,0.0028030263511808276,0.0005352602018624476
1.611,0.05935532513164225,0.0032394034698555937,0.000518257668884551
1.612,0.059203054564251734,0.0035754143751468882,0.0004937106955608713
1.613,0.05905469426652822,0.003958103166637729,0.0004649033249798628
1.614,0.05860870390999595,0.004387264021558706,0.00043430134088710056
1.615,0.058094671825181764,0.004858853745689539,0.0004033429626958661
1.616,0.0577298012272629,0.005319038279683882,0.0003736716545887226
1.617,0.05741806544718252,0.005803477730931192,0.00034805480731580555
1.618,0.057227428671531876,0.006261937329228926,0.0003222701777685406
1.619,0.05704962313466051,0.006748167119414144,0.0003000689978776515
1.62,0.057010643563731006,0.007282535177487828,0.00028250002647965396
1.621,0.056948265239213675,0.007752900892387601,0.0002677785378473791
1.622,0.05683228440798924,0.008279815662071512,0.00025776889120640887
1.623,0.0565901979916269,0.008779202920516697,0.0002496111316780971
1.624,0.05602458026759945,0.009265896295184976,0.00024187541671255981
1.625,0.055354554807652674,0.00971947048631329,0.00023725413063080246
1.626,0.05461038621600921,0.010245048493751458,0.0002310806086120395
1.627,0.05402600768599318,0.010781489203687905,0.00022319019909992644
1.628,0.053388947256237135,0.011358128585550315,0.00020987952111168392
1.629,0.05281580625492019,0.011925411558882191,0.00019717991176262074
1.63,0.05244890538790105,0.012510367505193099,0.00018354396308302169
1.631,0.05227067261496981,0.01306585314212556,0.00016782984690899192
1.632,0.052176800942067315,0.013576847406093922,0.00015100671485520929
1.633,0.05205795581459856,0.014098035447647515,0.0001324473755921811
1.634,0.05190048460279367,0.0145904507762861,0.00011758628035024035
1.635,0.05167367555295503,0.0151353346523839,0.00010394641432258855
1.636,0.05140010456869391,0.015668133037657225,8.789526080689241e-05
1.637,0.05103584052263763,0.016207446120066693,7.038109337418014e-05
1.638,0.05077332256136272,0.01662736814552872,5.6616781124632155e-05
1.639,0.05059581584517055,0.017056352969344914,4.417707269081072e-05
1.64,0.0506757081639202,0.0173431360371589,3.720237894968504e-05
1.641,0.050902466093812035,0.017602155055873342,3.033238090558029e-05
1.642,0.05127744347714436,0.01778373283158141,2.807475013000526e-05
1.643,0.051729752954377255,0.017842439812726985,3.3241695750571565e-05
1.644,0.05219981985957357,0.017945116429578186,4.4811294327021375e-05
1.645,0.05250788776889978,0.017981675150142106,5.92369191804421e-05
1.646,0.05259498504250357,0.018022943145685043,7.255390465212529e-05
1.647,0.05269144634932946,0.018064344686986183,9.34509526981829e-05
1.648,0.05281178112450104,0.018058364996185395,0.00011859627650876608
1.649,0.052779763266496124,0.01801547405248602,0.00015125572376765314
1.65,0.05275596884439406,0.017939051654163513,0.00018035195708746728
1.651,0.05283740240982611,0.017763229523278204,0.00021080305222471524
1.652,0.052968739629696227,0.017645859841585797,0.0002474796012801134
1.653,0.053102379163145315,0.017436339373604517,0.00028566190638189596
1.654,0.05327599648324002,0.01716760970666298,0.00031972777906875386
1.655,0.0533973822160933,0.0170398120857833,0.00035359075850421455
1.656,0.0533623580753374,0.016919584752869234,0.0003875780736368594
1.657,0.0532537929058213,0.016802021266676587,0.0004185604541927603
1.658,0.05316192046498798,0.016796398228219954,0.0004496215209493602
1.659,0.053083392984093564,0.016772515810353602,0.00047744525494463057
1.66,0.05304208501178412,0.01689774757086585,0.0005021031134216467
1.661,0.05304570017834155,0.016956447893590326,0.0005267067373739417
1.662,0.05312840661405594,0.016975785655235047,0.0005456414741176178
1.663,0.05316230295735856,0.016835172315686348,0.0005615488550810742
1.664,0.053077199203953644,0.016621921662193284,0.0005750763226058834
1.665,0.053007368424099574,0.016440001339581754,0.0005868822206953213
1.666,0.05286766549855522,0.01618959346948232,0.0006007097235411883
1.667,0.052679573665463976,0.0158590361794909,0.0006141513457127543
1.668,0.052461943459937474,0.015431950380755885,0.0006217524001174094
1.669,0.05237696864756686,0.015010827820490721,0.0006314041833281956
1.67,0.0523136093022147,0.014368970391161015,0.0006415698864034432
1.671,0.05226112539324473,0.013665584927618137,0.0006554370075107055
1.672,0.05221076812342233,0.012798257080634208,0.0006643790960929128
1.673,0.052083220236404576,0.011796714926037219,0.0006721673551839155
1.674,0.05184088737487218,0.010684946611869285,0.0006814834042624276
1.675,0.05157487051083934,0.009467805032272847,0.0006939864302174879
1.676,0.051063972273845876,0.008167207406361843,0.0007064968536264441
1.677,0.050568054502111194,0.0067688616240940275,0.0007215677660697974
1.678,0.050040302715791345,0.005432401625119383,0.0007361530194132297
1.679,0.049525213868567654,0.003986661400333047,0.0007558189699594457
1.68,0.04902727049619757,0.0024846317619193203,0.0007732662352386727
1.681,0.04859706353725612,0.001006065109200066,0.0007906893441906249
1.682,0.048221417255043086,-0.0005430798403560713,0.0008048942250822725
1.683,0.04769745932596814,-0.0020384547740048067,0.0008179519160114581
1.684,0.04715225043478177,-0.0035274044131237206,0.0008270312229344839
1.685,0.046489830384410805,-0.004774158638964222,0.0008334451917433799
1.686,0.04576475790374998,-0.00590678997180151,0.0008374457187475116
1.687,0.045025351279956265,-0.007036488136837674,0.0008377411399382341
1.688,0.0442275599315645,-0.008029950903793548,0.0008333547640816397
1.689,0.04353497512580241,-0.008892180075544778,0.0008289588018055932
1.69,0.04291640962912049,-0.009734485495453027,0.0008224920823192297
1.691,0.04237016091509715,-0.0104255162444898,0.000816525125168637
1.692,0.04189123179913685,-0.011151890327440656,0.0008095092252636244
1.693,0.04148106160330361,-0.011832581337957324,0.0007968508386055082
1.694,0.04106774777799841,-0.012502595596662322,0.0007898474789694182
1.695,0.04064430638643995,-0.013030588215265135,0.0007850678424540173
1.696,0.040192777508694245,-0.013463147763880454,0.0007782545621253425
1.697,0.03974779952732271,-0.013757892595176818,0.0007707007354245141
1.698,0.03928819974025406,-0.013879417101058167,0.0007674043662665276
1.699,0.038941056925673796,-0.014009285965989604,0.0007618496613958828
1.7,0.03857388717972878,-0.014133209545694012,0.0007570513775730806
1.701,0.03832307036759158,-0.014276262599302356,0.0007534314984717279
1.702,0.03801993145109268,-0.01442676455676671,0.0007499389973331759
1.703,0.03768050475788472,-0.01470510684807251,0.0007408775113645707
1.704,0.03728730562476437,-0.014914228684835357,0.0007354316821235335
1.705,0.03687625946342533,-0.015051836477175978,0.0007297553620148244
1.706,0.03645036867918022,-0.015127261617175036,0.0007217774676361599
1.707,0.036066604982591476,-0.01505186238235351,0.000714474935601737
1.708,0.03578105463274041,-0.01485590462515081,0.0007080993324045977
1.709,0.035665227405797764,-0.014599074858645922,0.0007040224764803741
1.71,0.03571312594423081,-0.014372236037731231,0.0007004622723870593
1.711,0.03579802627242163,-0.014149344332524114,0.0006957789531105664
1.712,0.03587144174333963,-0.013968968483479796,0.0006912582948945525
1.713,0.03595548017730649,-0.013818391080744341,0.0006891130571852864
1.714,0.035880555791968326,-0.013848293189764577,0.0006894799869037094
1.715,0.03572531857873642,-0.01389600570517191,0.0006895640357003332
1.716,0.03554958552287857,-0.013928430056868779,0.0006905935700327644
1.717,0.035363100374374526,-0.013923260939237278,0.0006899496308479325
1.718,0.035273199717764284,-0.013867477366963962,0.0006878942771471312
1.719,0.03532606517723899,-0.013736298489441814,0.0006841142559121501
1.72,0.03549134131989168,-0.013577494490101455,0.0006792138015168233
1.721,0.03571002633530251,-0.013418911869112204,0.0006740274761066739
1.722,0.03601855647635479,-0.01326033824236332,0.0006661572613204084
1.723,0.03627333631925897,-0.013160885589463447,0.0006546537029532966
1.724,0.03648574119755991,-0.013086945954419449,0.0006415209606892211
1.725,0.03656411491289419,-0.013138781172295888,0.0006271003762990374
1.726,0.036527990683309766,-0.013292062997511872,0.0006131820006843713
1.727,0.036400683017372364,-0.01344565834380862,0.0006001711454849992
1.728,0.036327657721608925,-0.013584670183451553,0.0005885410971221039
1.729,0.03629767935195556,-0.013705870425957764,0.0005802817353201634
1.73,0.036335195950683005,-0.013816936637050123,0.0005745315146093322
1.731,0.03646062447933382,-0.013899503798787127,0.000570179570126949
1.732,0.03662720304059142,-0.014009160983270832,0.0005676436088075018
1.733,0.03678554006233229,-0.014131694709952902,0.0005692320911957935
1.734,0.0369089217992589,-0.014300415588594698,0.0005705232677286687
1.735,0.036933975955190025,-0.01451846888109977,0.0005758589528157857
1.736,0.036897269215061625,-0.014763944004074714,0.0005801867772144483
1.737,0.036852625597980776,-0.014988782849939458,0.0005837212846295367
1.738,0.03673159940710842,-0.01527591726045388,0.0005917015892043952
1.739,0.036638597720664044,-0.015482449162739095,0.0005969497461139143
1.74,0.03655147760447669,-0.01566514044251298,0.0006012587238656407
1.741,0.03656841426098425,-0.015733441453270255,0.0006077784314247358
1.742,0.03669453970044046,-0.015732586821586916,0.0006104270920685028
1.743,0.03688893801838913,-0.015540928408937171,0.0006113587506892983
1.744,0.0370591780971344,-0.015261507388163606,0.000611647358092281
1.745,0.03732284294068778,-0.01488558518966246,0.0006103531189792785
1.746,0.037667927556078555,-0.014422064480478489,0.0006001337783830955
1.747,0.03793176552402388,-0.013953423154921554,0.0005901241429776263
1.748,0.038305832227343566,-0.013493319915468663,0.0005759631892707603
1.749,0.03856932783419445,-0.013029238666845536,0.0005551827676284714
1.75,0.038872722495093305,-0.01245533012216607,0.0005293280493946465
1.751,0.0391344061806438,-0.011734297132605126,0.0004993614277220091
1.752,0.03937527050621424,-0.011012438094562524,0.0004634171026856703
1.753,0.039703827239557225,-0.0103094181648056,0.0004259834938623168
1.754,0.04003423344876341,-0.009455245964723524,0.0003864717885094065
1.755,0.040494541130394204,-0.008413595147622022,0.00034480607450769577
1.756,0.04101493349776583,-0.00738334832479165,0.00030295769300491075
1.757,0.0416798842316817,-0.006489953048272379,0.0002628898484714071
1.758,0.042295324143696134,-0.005587496482450105,0.00022712496526002888
1.759,0.04300874811469389,-0.004856981233374691,0.00019621530811568614
1.76,0.04369469730445982,-0.00423570865945308,0.00016614801309164964
1.761,0.04427722796236949,-0.0036480202067939657,0.00013832718148000747
1.762,0.04478379859156489,-0.0032660746751250053,0.00011793783501035069
1.763,0.045186351846874286,-0.0029437533967336393,9.442199653435126e-05
1.764,0.04557203072555574,-0.0025580160118339745,7.321215222944714e-05
1.765,0.0459800980510014,-0.002162058629820815,5.323414796415418e-05
1.766,0.04643779935390123,-0.0017147309740686983,3.183648449972624e-05
1.767,0.04697847484737587,-0.0013636472972659436,8.56901764767769e-06
1.768,0.04779666773545456,-0.0011008110822292305,-1.3203328393338824e-05
1.769,0.04869078069392813,-0.0010542693066236813,-3.660611888204793e-05
1.77,0.04959879419276942,-0.0011530861413545507,-6.11724315837495e-05
1.771,0.05056387333196953,-0.0013379327286748913,-8.373547039397126e-05
1.772,0.051405804336328347,-0.0016395778996161486,-0.00010509756044987096
1.773,0.05211270330311694,-0.0021713164747982697,-0.00013027491007764272
1.774,0.052591332587323875,-0.0026458893629172017,-0.00015509483232140254
1.775,0.05298059283701512,-0.003122071368874206,-0.0001749223729311393
1.776,0.053384670656096825,-0.0035913888762743595,-0.00019123029570173824
1.777,0.05391120806990907,-0.004014881061332243,-0.00021055110252851688
1.778,0.05458759027595062,-0.004451904303674287,-0.00023238092903050912
1.779,0.05539003644981427,-0.004747569860816786,-0.0002490651751232865
1.78,0.05630798983554821,-0.005141771266853654,-0.00026466233284824667
1.781,0.05729061119573364,-0.005538227300755448,-0.00027901998165173975
1.782,0.058141517556038615,-0.006007278146402759,-0.0002947089110580709
1.783,0.05882048474520059,-0.006421736012398496,-0.0003147957420241755
1.784,0.05920918481093222,-0.006833246488122113,-0.00033700597287227984
1.785,0.0593685093250451,-0.007115281310598333,-0.0003558224687975364
1.786,0.05935858493004359,-0.007306488106324394,-0.00036991369933406064
1.787,0.0593021774632143,-0.007342059214685073,-0.00038530591785912525
1.788,0.05939609885043854,-0.007303873436248498,-0.000401180604638051
1.789,0.05953162280694545,-0.0072169479787661805,-0.00041153971577348437
1.79,0.059914393701646335,-0.007059458060232247,-0.00042221263680929804
1.791,0.06040694473511288,-0.006950208703274535,-0.000427732270607042
1.792,0.061052112933921356,-0.006780319513985465,-0.0004366429301221362
1.793,0.06168240206098135,-0.006697802673620915,-0.00044466198289568493
1.794,0.06214963843027609,-0.006525572952175177,-0.00044946597984392184
1.795,0.06246798956680772,-0.00643320002772749,-0.0004529242222000566
1.796,0.06271155007248551,-0.006339373781832913,-0.0004580529520542045
1.797,0.06291378611606079,-0.00613820952975791,-0.00046218152345307053
1.798,0.06305890163881822,-0.006063520704840328,-0.0004661349885132606
1.799,0.06330466274922658,-0.0058256040113687756,-0.0004689003715156005
1.8,0.06366984362958392,-0.005746191580418617,-0.0004715335507262165
1.801,0.0641161394491539,-0.005615812636985655,-0.0004743207108478726
1.802,0.06457115969512332,-0.005600959555810617,-0.0004776410125382611
1.803,0.06492177796484933,-0.005699375935652068,-0.00047563273412808843
1.804,0.06510391989528261,-0.0059070745414730235,-0.0004744126347521608
1.805,0.0650842403501823,-0.006071919390267624,-0.0004723461377176523
1.806,0.06491586779674326,-0.006159719461484057,-0.0004684680876057853
1.807,0.06467368584254257,-0.006340057650602922,-0.0004680601912571093
1.808,0.064455161666498,-0.0064140487502568,-0.0004670534572719496
1.809,0.06429481784409367,-0.006325295938300085,-0.0004646975112591855
1.81,0.06421881422175067,-0.006158299839099005,-0.00046456018262923783
1.811,0.0641625818380704,-0.005930418241325706,-0.0004659103447271873
1.812,0.06404795000274495,-0.005657976841910996,-0.00046263164834186004
1.813,0.06397992499644917,-0.00528531424660932,-0.0004590558671867834
1.814,0.06376504832896099,-0.004860546931250329,-0.00046002983796157
1.815,0.06335766915740607,-0.004414705963691201,-0.0004578920928817683
1.816,0.06288214633923937,-0.003927841040148376,-0.00045443251795896435
1.817,0.0623991861158227,-0.0034183763125982666,-0.00045003308385872657
1.818,0.06187282778706926,-0.002778661456103563,-0.00044302809824629493
1.819,0.061509597719856736,-0.0020385653180235355,-0.00043465395590655564
1.82,0.06117943604528728,-0.0013091297518707404,-0.0004278537786366767
1.821,0.06097108604975155,-0.00043572446059201957,-0.0004210318563230243
1.822,0.06081348900668394,0.0004245667443491287,-0.0004144706636696688
1.823,0.06076022558674038,0.0012301720178577273,-0.00041231681702954415
1.824,0.06069414826367269,0.0020250881741571483,-0.0004078756554200489
1.825,0.060493225421810216,0.0028136552364491016,-0.0004053122111226837
1.826,0.060296580436186825,0.003588668125952755,-0.0004028447260504218
1.827,0.06010733702529962,0.004202996957997642,-0.0004018011380995637
1.828,0.05995648234207998,0.00485540011373375,-0.0003984101707343315
1.829,0.05991661797661969,0.005494219471535862,-0.0003956618733047462
1.83,0.06002024054398107,0.0061620298377130685,-0.00039008594123819706
1.831,0.06025121156026529,0.006751317717994551,-0.00038666187579029484
1.832,0.06047196290103854,0.007337190205358727,-0.00038607667598621347
1.833,0.06074252458124082,0.007951396234102522,-0.00038625040564619414
1.834,0.0609265967260541,0.008603757315363374,-0.0003858354677190568
1.835,0.06107326519782756,0.009250158687115512,-0.00038756353236134647
1.836,0.06114620707981912,0.009865853730066272,-0.00039054329144214
1.837,0.0612396261033238,0.010447721038838651,-0.0003981229948429168
1.838,0.06135705873965186,0.010974889652346926,-0.0004041015190868237
1.839,0.061555703633189296,0.011384451216909352,-0.00041559724337397177
1.84,0.06189301139490653,0.01180195805320074,-0.00042818980014408265
1.841,0.062287969122426706,0.012093621420075803,-0.00044296449925764446
1.842,0.0627348425951611,0.01219194594481799,-0.00045858315140221795
1.843,0.06320786496088346,0.01223618015561678,-0.00047668727861339944
1.844,0.06363524859530026,0.012260350873350288,-0.0004961802173756641
1.845,0.06394943336250512,0.012168473599500608,-0.0005195034242733321
1.846,0.06427803112643862,0.012087495212251557,-0.0005403678088150275
1.847,0.06459420145231137,0.012008224878169216,-0.0005612781768194158
1.848,0.06491901170856795,0.0118228661291235,-0.0005835377567064347
1.849,0.06539108246748819,0.011553387614515935,-0.000603910024489612
1.85,0.0658847725620599,0.011258629601429515,-0.000621654726825911
1.851,0.06646657018658722,0.010890599626026377,-0.0006350750087579321
1.852,0.06713729757190096,0.010365587304090023,-0.0006444449626898171
1.853,0.06782211546975367,0.009832364092095744,-0.0006538129815784715
1.854,0.0684547177731665,0.009180928046652062,-0.0006632191600342914
1.855,0.0689796094680057,0.008604515167252587,-0.0006693488376847877
1.856,0.06942865268698419,0.007980234192393212,-0.000676545455187785
1.857,0.06979887838704665,0.0073405104440500794,-0.0006815670872527743
1.858,0.070132715213501,0.006803350917598927,-0.000691346797661145
1.859,0.07047421482706417,0.0063571225150826065,-0.0007007458900676657
1.86,0.07082419451851918,0.005982034519149753,-0.0007179548185476128
1.861,0.07124253177956572,0.005760793932661906,-0.0007378494514082646
1.862,0.0716762021077918,0.005517699954670052,-0.0007668565431687726
1.863,0.07206838233284313,0.005319644507120167,-0.000800319413019564
1.864,0.07236724150524923,0.00515044586984649,-0.0008382616535194661
1.865,0.07262493345216461,0.005010408585523957,-0.0008759698409542065
1.866,0.07279558924870268,0.004783876641359486,-0.0009178147814941816
1.867,0.07284922102523353,0.004538331852044504,-0.0009621390691135138
1.868,0.07285077549290118,0.004300202726306754,-0.0010040144555055253
1.869,0.07289028948309527,0.00403763503326996,-0.0010436664025638585
1.87,0.07297512767906214,0.0036613210856022366,-0.0010806839455607415
1.871,0.073196375021472,0.0032828881122962507,-0.001111731378580461
1.872,0.0734777313181128,0.002815290404258222,-0.0011357284176196122
1.873,0.07389889245385736,0.0022660366726635697,-0.0011549693382216903
1.874,0.07437918304207214,0.0016142767339980789,-0.0011625594419996032
1.875,0.0746542321622399,0.000863757113638848,-0.001161480013706457
1.876,0.07497818724131844,0.0001223258455050856,-0.001148084909988652
1.877,0.07512766998328559,-0.0006569695964516106,-0.001124993927487738
1.878,0.07511693594105143,-0.001599018861553142,-0.0010963704061288083
1.879,0.07518867032790041,-0.002454382921441247,-0.0010650362017138304
1.88,0.07522276730595068,-0.0032029665005015163,-0.0010325268529204706
1.881,0.07534715982349358,-0.003859640657869735,-0.0010049026385724304
1.882,0.07548887272537705,-0.004438867727873635,-0.0009815345430935255
1.883,0.07570412113137132,-0.0047715137736667225,-0.0009685468665516187
1.884,0.07590352580254721,-0.004962183185730693,-0.0009594133964311824
1.885,0.07595086292062471,-0.004946510587873709,-0.000955130680684603
1.886,0.07585944049330806,-0.004691787741710231,-0.0009611200943398917
1.887,0.07556510392257955,-0.004297065302410162,-0.0009728679686775105
1.888,0.07490880899420363,-0.0038437129470210683,-0.000988360866026751
1.889,0.07420069825320331,-0.0032725774231823802,-0.0010020259231350809
1.89,0.07345867074022217,-0.002546942212601983,-0.0010135045466634273
1.891,0.07268475228153133,-0.0018273568815284193,-0.0010162712764761532
1.892,0.07199108078897098,-0.0010992705197790176,-0.001008822429404332
1.893,0.07139139539583274,-0.00038218782784835235,-0.0009980292089526012
1.894,0.07090173225685986,0.00010216222316594172,-0.0009798344499559947
1.895,0.0704985451410434,0.00047983747799616033,-0.000956828991545482
1.896,0.07009439895162387,0.0007653816464167247,-0.000932435700667194
1.897,0.0695908465737632,0.0008355303406403086,-0.0009062178956731093
1.898,0.06914584152792072,0.0007904867897387258,-0.0008833426245899493
1.899,0.06863032751868431,0.0006085989278421695,-0.0008667648825299657
1.9,0.06806479309882953,0.0003845915150841282,-0.0008580010255280403
1.901,0.06753910327766617,0.00021006412544389771,-0.0008585138877331732
1.902,0.06709048044661717,-5.6421827162899015e-05,-0.0008637537885428106
1.903,0.06681111145980355,-0.00011823901009441057,-0.0008748109059063432
1.904,0.06661201033090597,-0.0001699188146681383,-0.000892548234419541
1.905,0.06654991769939493,-8.639273582609647e-05,-0.0009084667468650611
1.906,0.06661014462016912,0.0001077155661564997,-0.0009260114049830822
1.907,0.06660590707650987,0.0003350182363859363,-0.0009408998099043997
1.908,0.06658627397611214,0.0005391292572290585,-0.0009518210534541541
1.909,0.06655095876700917,0.0006289102040531926,-0.0009623360252724417
1.91,0.06646351163197675,0.000904761150308785,-0.0009607372839655966
1.911,0.06638341581602325,0.0013101788835522942,-0.0009599262429609819
1.912,0.0663234857485484,0.0017118826506436462,-0.0009578147191485749
1.913,0.06627625925156123,0.0020401805084787374,-0.0009520682718082891
1.914,0.06617078019459485,0.0025778956762513624,-0.000946556604343231
1.915,0.06607178876721272,0.0030923386630466922,-0.0009434858340795137
1.916,0.06599844150864553,0.003689478866506205,-0.0009454455285430906
1.917,0.06576261235028376,0.004284022652931761,-0.0009545997470821138
1.918,0.06557964689509947,0.004782896151561212,-0.000965957654266845
1.919,0.06537231147973357,0.005256675848655472,-0.0009776654504305192
1.92,0.06515891978237501,0.005714209333633539,-0.0009930747241199984
1.921,0.06506074183166075,0.006079885101090601,-0.001007197009835153
1.922,0.0650429720243101,0.006413762011973256,-0.0010219532860251432
1.923,0.0652110794607165,0.006645637866076395,-0.001041683789961469
1.924,0.06542906617002012,0.006753643375873044,-0.0010584625766886123
1.925,0.06561831788417019,0.006833118151885969,-0.0010698168864833654
1.926,0.06577241641869905,0.006928993871099208,-0.0010782306457978543
1.927,0.06590445049819894,0.007049535584118237,-0.0010864015519678315
1.928,0.06590866590016416,0.007135688327956596,-0.00109323645356855
1.929,0.06579473764207663,0.007226102511168347,-0.0010982177878780363
1.93,0.06564237718563808,0.007233132263977263,-0.0010977218230691368
1.931,0.06557123460575198,0.007299514675567758,-0.0010937118769095448
1.932,0.06548055640321465,0.007345915776177884,-0.001086056985064522
1.933,0.06543737456276323,0.007387362931749353,-0.0010750251727676384
1.934,0.06549493014958994,0.007403719187078751,-0.0010656515392091562
1.935,0.06555068282454979,0.00740771193410579,-0.0010555220844336139
1.936,0.06559397805561724,0.007351696095070951,-0.0010414384345983827
1.937,0.06551025778818237,0.0073301591102105206,-0.0010230588061780799
1.938,0.0652591389821365,0.007411758468879783,-0.001006611429220071
1.939,0.06484171251034697,0.007411924701567709,-0.0009913918338031078
1.94,0.06441104774676452,0.007553539779349085,-0.0009721155318833268
1.941,0.06393620630071543,0.007852136591010736,-0.0009477796072988282
1.942,0.06352822989351388,0.00817002045448191,-0.000927503576293875
1.943,0.06306560356171734,0.008607410843241035,-0.0009036297135025643
1.944,0.06265165628022205,0.009006550688144191,-0.0008758131122382894
1.945,0.062165668286498624,0.00947729091981456,-0.0008463265190123386
1.946,0.061677568223166876,0.009996388432814265,-0.0008104808771939703
1.947,0.06112395242602865,0.010517321800445959,-0.0007770810209259924
1.948,0.06056330730318529,0.011083588081934239,-0.0007466135255090694
1.949,0.0599628894605546,0.011698237662674412,-0.0007120803966213035
1.95,0.059387388114242996,0.012349763871983527,-0.0006784233840172876
1.951,0.05894882607574945,0.013071813736682251,-0.0006494025186197903
1.952,0.05857808475714041,0.013847311443433076,-0.00062494279041157
1.953,0.0583163770955427,0.014588858330532441,-0.0006055292109652498
1.954,0.058062119045190305,0.015289310497236093,-0.0005926640530319381
1.955,0.057866800510626204,0.01601134411983008,-0.0005794869202092731
1.956,0.05761463027246487,0.01667352170610673,-0.0005732637821091095
1.957,0.05730785799862148,0.017298985049203422,-0.0005707959314118976
1.958,0.056904628935680976,0.01781607425239716,-0.0005770554938104564
1.959,0.056524877219973464,0.01818656470173669,-0.0005889602059570871
1.96,0.05622413127527319,0.01860861662518702,-0.0006017033019143169
1.961,0.056036520534259865,0.01901404771425164,-0.0006172084338543644
1.962,0.05595897796384299,0.01939686775512571,-0.0006354705679828079
1.963,0.055988290460667965,0.019716462552106316,-0.0006532171207336444
1.964,0.05609416097570856,0.019893128608395608,-0.0006701312196263665
1.965,0.056060426788192244,0.019989170830018436,-0.0006859039369482385
1.966,0.05594986194451247,0.01987121377818809,-0.0007007697351715821
1.967,0.055684865150328125,0.01961159066382545,-0.0007128327895608141
1.968,0.05529201420174071,0.01921538256240806,-0.0007198417354155434
1.969,0.05481343033367592,0.01873111479226036,-0.0007256001185366732
1.97,0.054377433912981804,0.018118647915926066,-0.0007262716292786647
1.971,0.053998633111164915,0.01747263755168814,-0.0007194157287076864
1.972,0.05377399353527121,0.01679199521992488,-0.000709611499645253
1.973,0.05374670944036947,0.016177021077091645,-0.000693572683797025
1.974,0.053825475477952966,0.015468548769176988,-0.0006771161385432993
1.975,0.05399769385877608,0.014720162541514694,-0.0006563118128288552
1.976,0.054092331733722555,0.013807120577088567,-0.0006344068081395389
1.977,0.05408646207493304,0.01290890256635543,-0.0006100956255237456
1.978,0.053919333741775134,0.011988377866044526,-0.0005880050091427922
1.979,0.05359023983567932,0.011015794130564277,-0.0005619744764292791
1.98,0.05317470040600465,0.010078422854461717,-0.0005401649070826476
1.981,0.05283132361728242,0.009205895290101074,-0.0005183258517038403
1.982,0.0525624874692602,0.00846864038496499,-0.0004968114763914695
1.983,0.052331414501996486,0.007855574245771806,-0.00048397565217680577
1.984,0.052108023840139,0.0072520147328259295,-0.0004687924215463226
1.985,0.05185858834073591,0.006578360185732889,-0.00045824321313935675
1.986,0.05164786388562001,0.0059700501197561436,-0.0004478276596180709
1.987,0.05129600597465092,0.005435914692376727,-0.0004350875221494887
1.988,0.05077877633757355,0.004814104142887042,-0.00041588088468549303
1.989,0.05015775024418597,0.004307817229872668,-0.0003994834084476213
1.99,0.049622479240979636,0.0038077833548042644,-0.0003833150117172712
1.991,0.049031737003217585,0.0033013908773425055,-0.00036826026523903367
1.992,0.048592203353323406,0.0028799702291583823,-0.0003483458107436582
1.993,0.04840396686476073,0.0024827557585830606,-0.0003246051970443477
1.994,0.048419533783715524,0.002148059491708862,-0.00029840213840981813
1.995,0.04847069566891156,0.0018798522563521214,-0.00027118579451443684
1.996,0.04859997223230361,0.0016504402831820086,-0.0002471546796503171
1.997,0.04874388270596088,0.0014234003965616342,-0.0002225512260064723
1.998,0.04878111500198563,0.0011263501415737162,-0.00020137758248597794
1.999,0.048722776923875076,0.0008761286868448556,-0.00018362499047210512
2,0.048527173867303215,0.0006192513994283666,-0.00017051698080777886
2.001,0.04841876871687052,0.00041417648607911667,-0.00016000343317985888
2.002,0.048350138782388356,0.000278733200025201,-0.0001564191084591686
2.003,0.04831569655053866,0.00016413310000978898,-0.00015735973172316148
2.004,0.048477658746205826,4.850536317532739e-07,-0.00016035084808334668
2.005,0.04874719689423183,-4.141045517248171e-05,-0.00016653993020188953
2.006,0.04908398723047997,-0.00014607113425640222,-0.00017222636371129127
2.007,0.049444326417419596,-0.00029874529965145946,-0.00018149238001628472
2.008,0.04978503942950385,-0.0005004145725043124,-0.00019072666436680593
2.009,0.05006801759906197,-0.0007382206613250446,-0.0001994582144103094
2.01,0.050188887689037676,-0.0009755184778068929,-0.00020817003201447064
2.011,0.0502973332489354,-0.0011998145127799023,-0.00021195228548980742
2.012,0.05032943396745385,-0.0014067170216797709,-0.0002108280090632286
2.013,0.05041750862178885,-0.0016609419000451764,-0.00021297051237772991
2.014,0.05052501131099376,-0.0018480114110582813,-0.00020726807208489104
2.015,0.050754632739553135,-0.0021218220994149856,-0.0001965346071018852
2.016,0.051043068725186436,-0.002347995977963431,-0.00018463490091462852
2.017,0.05138746083006658,-0.0025892496808403095,-0.00016960879079286134
2.018,0.05174608682565621,-0.002929400473273544,-0.00015295336829073867
2.019,0.05206595203423112,-0.003238520066923267,-0.00013648853522402367
2.02,0.052365414908651306,-0.0036507189186187894,-0.00012028204800671664
2.021,0.05256291947298884,-0.003927571395986693,-0.00010173183345653348
2.022,0.052638800857632846,-0.004178577701063675,-8.142928558177616e-05
2.023,0.05261494024274163,-0.0043615485000673415,-6.202443648221283e-05
2.024,0.052507876219557055,-0.004513306106957576,-4.0012658651730564e-05
2.025,0.0523003462369174,-0.004607776982645036,-2.1048385805411943e-05
2.026,0.05216287999436698,-0.004654455054497839,-1.6791641172702113e-06
2.027,0.05202447125043913,-0.004605651205615069,1.9765535141378623e-05
2.028,0.05200670252930377,-0.004569642019669681,3.7227709205637496e-05
2.029,0.052081160961563115,-0.004475684683466347,5.3375692081627775e-05
2.03,0.05228491448312911,-0.004328031437235584,6.800760682338877e-05
2.031,0.05265337416970599,-0.004123838814101652,8.200319787542468e-05
2.032,0.05295319935467303,-0.003862547558826833,8.958853979428488e-05
2.033,0.05325170560402923,-0.003525137668353648,9.581252715335512e-05
2.034,0.05343811901226093,-0.003086999331075632,9.824335172799669e-05
2.035,0.05351126545950366,-0.002671724878280546,9.786023237742022e-05
2.036,0.05351237150181502,-0.0022491868504491697,9.617566797087186e-05
2.037,0.0534589856021173,-0.001822108318887329,9.244958946377584e-05
2.038,0.053433357849119886,-0.0014679476649599246,8.749270893239336e-05
2.039,0.053500313692782506,-0.0012049068475306138,8.089910765745348e-05
2.04,0.05373197706374826,-0.0010377175336810512,7.24876432665418e-05
2.041,0.05408966152076049,-0.0009012980997147521,6.502138642339579e-05
2.042,0.054485313707034355,-0.0008500134867914511,5.692990330364862e-05
2.043,0.054954699038231095,-0.0007694009012020053,4.710052157870233e-05
2.044,0.05532314456079779,-0.0007744295361497879,3.74566959659066e-05
2.045,0.05558154973021315,-0.000818109711584674,2.864639593305149e-05
2.046,0.05572232322505423,-0.0009514628961401171,1.9239816985982985e-05
2.047,0.05576302453776161,-0.0012314312354279738,7.573678381512562e-06
2.048,0.05575530090453556,-0.0015956280227269956,-5.172090755122178e-06
2.049,0.05581467228194131,-0.0021003896899415148,-1.7916957427316772e-05
2.05,0.05594265263157637,-0.0026838394759465256,-3.201200567836998e-05
2.051,0.05612550479229522,-0.003331119482625905,-4.085290668566217e-05
2.052,0.056406111617432676,-0.004042579020839539,-4.972814827706681e-05
2.053,0.056701819473735746,-0.004836636072373095,-5.255992765412559e-05
2.054,0.05686313041155404,-0.005704806156059096,-5.387803242111607e-05
2.055,0.05687536581580163,-0.006607242799244318,-5.3044481289469896e-05
2.056,0.05672238131427523,-0.007514572900702059,-4.6654529451391506e-05
2.057,0.056470582100201616,-0.008489248454997756,-3.5553670288843544e-05
2.058,0.05619927133830879,-0.009505744451569889,-1.7399586886768432e-05
2.059,0.05601883352562584,-0.010486409218541874,3.966250389954209e-06
2.06,0.05595673420097386,-0.011510976154604731,2.81149407858548e-05
2.061,0.05612800230094694,-0.012458186191648221,5.3056366456324814e-05
2.062,0.056410925594858066,-0.013331128710846856,7.683388953772647e-05
2.063,0.05679828373285907,-0.014030918750959553,0.00010123661890741012
2.064,0.05718110645555353,-0.014560723696606458,0.00012274157182052365
2.065,0.05746237992397719,-0.014871721905592203,0.00014074603843387454
2.066,0.05760040232008291,-0.014918079638061285,0.0001558856724207685
2.067,0.0575850596023956,-0.014757423764465701,0.00016939610152568384
2.068,0.057397054544007134,-0.014391951254992036,0.0001739988895509845
2.069,0.05728749491144099,-0.013892161368937258,0.000170157829698693
2.07,0.05723870164397596,-0.013301169110863261,0.00016347437962589857
2.071,0.05731820082845471,-0.012624664305987255,0.0001509681766698192
2.072,0.05762333480591142,-0.011924481141200035,0.00013219940165064032
2.073,0.05798816010939105,-0.011109788141517148,0.00011201273118853147
2.074,0.05843606688081664,-0.010235076235141425,8.941704074370935e-05
2.075,0.0588231781929434,-0.009230171591432591,7.016955770292358e-05
2.076,0.05908311350389911,-0.008123953437089115,4.8928131673070074e-05
2.077,0.05920233223811355,-0.006928064067974048,2.4147351827366148e-05
2.078,0.05913681715896443,-0.005654423814273578,6.276042161004443e-07
2.079,0.058968292967892924,-0.0043501656001775505,-2.1460710101295203e-05
2.08,0.058807891964966386,-0.003004277033725787,-4.3237866567725895e-05
2.081,0.05862456545738641,-0.0017276575437001002,-5.8975334400566764e-05
2.082,0.05857720840603861,-0.0004610025524418493,-7.30987341953875e-05
2.083,0.0586401360229996,0.0007612439547726949,-8.37570818802419e-05
2.084,0.05866008858714784,0.0018627118440586628,-9.344937363902955e-05
2.085,0.0586403186144872,0.002928159176128098,-0.00010440851794074732
2.086,0.05851390842300469,0.003931893692944409,-0.00011268046680203896
2.087,0.05826926565165732,0.004971544056134609,-0.00011968534141859491
2.088,0.05797142076070453,0.0060143411359030036,-0.00012606365925776344
2.089,0.05765520554022367,0.007044302490727045,-0.00013029180678524055
2.09,0.05737233420111778,0.008135734169174867,-0.0001353049763070783
2.091,0.057239772421594476,0.009140387770548934,-0.0001430331224374601
2.092,0.05725936241973996,0.010091621928338432,-0.0001511931896869481
2.093,0.05735053692158059,0.010995833119545453,-0.0001580319090021961
2.094,0.05748327282876197,0.011886156900909581,-0.00015945805833415263
2.095,0.05768148534566493,0.012656593456627695,-0.00016354241304924295
2.096,0.05773209367053936,0.013392363835143157,-0.00016797653253662463
2.097,0.05769387340562118,0.014057466534239876,-0.0001719081074519819
2.098,0.05758539786926281,0.014708360471528093,-0.0001748799660546234
2.099,0.05743137123405942,0.015352237568517014,-0.0001698690365292627
2.1,0.057340967049253934,0.01600171278458177,-0.00016581744544134664
2.101,0.057448490681604125,0.016576471932308476,-0.00015879441175427675
2.102,0.05767631736595259,0.01713424985333665,-0.00014708640822312197
2.103,0.05806124634055951,0.017680673245164688,-0.00013242454992870914
2.104,0.05850885622009033,0.0181353971544913,-0.00011640599839394584
2.105,0.059024393374818254,0.018509199646696447,-9.66674313546505e-05
2.106,0.05944499583313378,0.018838464343168295,-7.4462090848989e-05
2.107,0.05966687312332235,0.01915827096055429,-5.15921650192147e-05
2.108,0.05982193571410699,0.019436877813223924,-2.6567873541652985e-05
2.109,0.059957619801883966,0.019705536591284007,-5.6811752586126375e-06
2.11,0.060192071643346806,0.020050796930870116,2.0809799940558452e-05
2.111,0.06068554078790461,0.020341016501311697,4.222702513719998e-05
2.112,0.06143098579857495,0.02068050900589723,5.982270159964379e-05
2.113,0.06248941033336485,0.02103330470947786,7.774295501561954e-05
2.114,0.06377897157038012,0.02131262150651671,9.843504673670296e-05
2.115,0.06516930846674124,0.02162629769098149,0.00011279064067578617
2.116,0.06652572858987431,0.021905789969583304,0.0001230069476866847
2.117,0.0678348271125811,0.022146059979830865,0.00012948304374233496
2.118,0.06899344751844877,0.022354908494111286,0.00013520576175875265
2.119,0.07006008138526638,0.02263164964041143,0.00013742920997210177
2.12,0.07110164741571755,0.022819824946612288,0.00012749300521673937
2.121,0.07216372991890822,0.022927643024762055,0.00011281857923334444
2.122,0.07329915951349335,0.02299470752912339,0.00010003149730610623
2.123,0.07449514786704392,0.02314502014665996,8.931457395262843e-05
2.124,0.0757625756438337,0.023187386433540177,8.195673164862352e-05
2.125,0.0769050336666103,0.023249465060830643,7.567200680179376e-05
2.126,0.07788242753849525,0.023208742939828463,7.183213948921052e-05
2.127,0.0787200115172276,0.023155928494129834,8.565379193718953e-05
2.128,0.07921522148141086,0.0229916243846783,9.6634884590884e-05
2.129,0.0796435289573516,0.022694612159349866,0.00012378234223390226
2.13,0.07995251271209347,0.022341245179505573,0.00015879658698364062
2.131,0.08015690523552955,0.021958437333494413,0.00019660503190401944
2.132,0.08040533738996364,0.02152420403138742,0.00024965813545660203
2.133,0.0805679502525881,0.02110533287074559,0.00031006749876749575
2.134,0.08071280380073616,0.020663543706287802,0.0003712691108213302
2.135,0.08078434896798387,0.020194906061706517,0.00043127428659888855
2.136,0.08074921456335542,0.01979208139990296,0.0004949972745992212
2.137,0.08060966032068116,0.019510439106512935,0.0005626418167889787
2.138,0.08024334198929596,0.01933593370189199,0.0006296894148503723
2.139,0.07986295101325974,0.019161890059265593,0.0006898264832325171
2.14,0.07950464120303631,0.018997992533488675,0.0007447312342245861
2.141,0.07924127372977613,0.01883340967426195,0.0007868464059619108
2.142,0.07910508083482329,0.018632503858071872,0.0008219915032350297
2.143,0.0791146882163175,0.018412359462229768,0.0008539841552192323
2.144,0.07915311710163356,0.018074364640988837,0.0008749052596509705
2.145,0.07924436490756594,0.01770168640261211,0.0008946916984057635
2.146,0.07930606654338565,0.01741200915730117,0.0009089066983520982
2.147,0.07912677302914575,0.016965966991123294,0.0009171221255393314
2.148,0.07876627627997398,0.016415802911428832,0.0009187306969310261
2.149,0.07827767330815448,0.015629194879325268,0.0009207087482824227
2.15,0.07765794829274984,0.014834653896522255,0.0009280099131013411
2.151,0.07702780755597716,0.013948877029555086,0.0009363662304998705
2.152,0.0765719196506802,0.012836873846310007,0.0009430453879407542
2.153,0.0761704181018911,0.011753232609722039,0.0009549437908098866
2.154,0.075943210064261,0.010545740996050226,0.0009706013121703713
2.155,0.07586847249308694,0.00915677067762578,0.0009879378813788717
2.156,0.07580433630541113,0.007733982651248835,0.001011106357069613
2.157,0.07578325783996086,0.006310177018551229,0.0010376667785202678
2.158,0.07565906567630763,0.004825500061031534,0.0010654089810510489
2.159,0.07531214422915099,0.003388459139453525,0.0010952894166448132
2.16,0.0748383614599858,0.0019192680330999707,0.0011258685875057215
2.161,0.07422183502795514,0.00034852878865676627,0.0011549356146841891
2.162,0.07358090202705905,-0.0011495337888493343,0.0011858413993862402
2.163,0.07308995174501473,-0.002581114488970214,0.0012162306304774077
2.164,0.07262850939509705,-0.003873093045389034,0.0012442033316319803
2.165,0.07235452962131499,-0.005011330762977731,0.0012718598436782145
2.166,0.07210962723554742,-0.005975984202374385,0.001297175448502337
2.167,0.07203652259753385,-0.00667859821570259,0.0013196543634917852
2.168,0.07203961268472625,-0.007344124227009005,0.0013372027286365287
2.169,0.07198694891606032,-0.007787384048103393,0.0013563166236356177
2.17,0.07179819171995924,-0.008099194436098942,0.0013720704537177756
2.171,0.07145373580583698,-0.008417457118988463,0.0013792955153052004
2.172,0.07102163452656628,-0.008677307890089591,0.0013889255008103318
2.173,0.07029929745993188,-0.008952012930269853,0.0013915048528918708
2.174,0.06963046539592253,-0.009261861435734898,0.0013955965010418643
2.175,0.06897102087874549,-0.009340913467325965,0.0013980641420520083
2.176,0.06830761075648545,-0.009418036297053102,0.0013925146714751152
2.177,0.06771985447016216,-0.009291854324837992,0.0013835462022263741
2.178,0.06729953529922461,-0.00909234192453532,0.00137559797301364
2.179,0.06693142589141847,-0.008795050681014183,0.0013606433670703467
2.18,0.06659898474978009,-0.00835665608754832,0.0013358232885987559
2.181,0.06626769706036231,-0.007902864033082612,0.001312769841967847
2.182,0.0659058612011331,-0.007522613482649513,0.0012857665599234867
2.183,0.06542582063801082,-0.007277213279802738,0.001257961057884514
2.184,0.06480243308820406,-0.00717924442204804,0.001230975436996754
2.185,0.06411196470145797,-0.007161436862871147,0.001202417551731558
2.186,0.06339717924176844,-0.007027047469702655,0.0011728021372158417
2.187,0.0627138996946852,-0.007072276732930791,0.0011447842582927332
2.188,0.06218598700186662,-0.007060017119594725,0.0011188137821412504
2.189,0.061761146257024904,-0.006997198999324418,0.0010912591438872168
2.19,0.06149827240930843,-0.0070043383279617955,0.0010625529088897467
2.191,0.06127280914188257,-0.006865393913589781,0.001039808469653022
2.192,0.06123414020895414,-0.006748515976062958,0.0010177979092434448
2.193,0.06121738119961311,-0.006627183728759271,0.000990256786155513
2.194,0.06110964640871753,-0.0066505596759052175,0.0009685650075729962
2.195,0.060851431551889226,-0.006665680058694953,0.000945676025626678
2.196,0.060433397064557436,-0.006644629065365806,0.0009213189990858665
2.197,0.059920019985434614,-0.006671354176488717,0.0009001515485010678
2.198,0.05933387076656052,-0.006624313599261269,0.0008831229701819773
2.199,0.05888322942529434,-0.006587890592253461,0.0008687018945104476
2.2,0.05844606425302689,-0.006435787327169984,0.000859449777988127
2.201,0.058072333191206645,-0.006258952543036753,0.0008529492410751994
2.202,0.0579333948216722,-0.006034106597784819,0.0008510389931456895
2.203,0.057798899972012804,-0.005790358371554727,0.0008483014371088204
2.204,0.057677507449605,-0.005544129533049464,0.0008524749374787374
2.205,0.057452045387274955,-0.0052348559590358855,0.0008581928506874916
2.206,0.05711902252050999,-0.0049822524727434064,0.0008705538952466403
2.207,0.05665899541924698,-0.0047740521218393,0.0008815855299501201
2.208,0.056178337263697434,-0.004513909288085344,0.0008952721335238022
2.209,0.05571467593468393,-0.0042237549444687425,0.0009100387096962902
2.21,0.05530426361754488,-0.003986104200256989,0.00092334694323818
2.211,0.05499416592588922,-0.0037461505072348272,0.0009393327726446351
2.212,0.054834515326787486,-0.0034803335405081195,0.0009544606200472651
2.213,0.054816558613360884,-0.0031397715579602956,0.0009704639193893415
2.214,0.05483410760785709,-0.002759170593457528,0.0009882460805237317
2.215,0.054768648808825385,-0.002290055567012575,0.0010026153947855394
2.216,0.054725836457800464,-0.0018707912048434444,0.001013189324170757
2.217,0.05464266907856484,-0.0014893231737331918,0.0010213136606204683
2.218,0.05449736511957143,-0.001084860415083943,0.0010264031976255344
2.219,0.054348578871340994,-0.0007192961417853208,0.001035808761753152
2.22,0.054203953425118856,-0.0004547103255250068,0.0010383675383884548
2.221,0.05410214932613815,-0.00026441466723921975,0.0010385331135754716
2.222,0.05408382111256116,-0.0001133919835098196,0.0010390720293128413
2.223,0.054108172863542005,-4.7829074103070135e-05,0.0010364323345626732
2.224,0.054251697983108096,6.389015164288969e-05,0.0010318515294838197
2.225,0.054372651257409255,0.00012109125540682789,0.0010261877985728288
2.226,0.054472593432319,0.0002604878287708716,0.0010224113871956059
2.227,0.05460292818702038,0.0004303211621087301,0.0010209611739574321
2.228,0.05473559902296143,0.0005980935499308865,0.001020984406074136
2.229,0.05482244181526627,0.000681322196338683,0.0010193681430033896
2.23,0.05489038625456699,0.0007001329697621413,0.0010192799986854118
2.231,0.054958887037842616,0.0006281038476301064,0.0010218239263375427
2.232,0.05509555902802814,0.0005073767250585691,0.0010213081117326807
2.233,0.05517789549711903,0.00024104247456383648,0.001022865678371285
2.234,0.055329622526055285,-2.6318839901000313e-05,0.0010235805099434365
2.235,0.05542277604974519,-0.00026114973407247513,0.001026501189316529
2.236,0.05554794734691566,-0.000509702784778264,0.0010272291881710499
2.237,0.055645692809812665,-0.000711184808164407,0.0010244587618784765
2.238,0.055734502087793306,-0.0008077440786355694,0.001023222039470003
2.239,0.05582670591389516,-0.0009273743882308137,0.0010209814116463808
2.24,0.05586331195949842,-0.0010720928910094435,0.0010146783993761213
2.241,0.05579996942176259,-0.0012191558962375733,0.0010071392008808697
2.242,0.05579995590338747,-0.0014349432437388322,0.0009950567921269062
2.243,0.055850233703978354,-0.0018296386778134423,0.0009695915703690857
2.244,0.05584184528617885,-0.002247300870093994,0.0009448178091633003
2.245,0.0557075883070763,-0.002709883779479772,0.0009191491004665822
2.246,0.05543327175962545,-0.0032060798666357186,0.0008917602692314459
2.247,0.055201256281817435,-0.0036017998907882307,0.000863855670073142
2.248,0.0549008186029374,-0.003979206403494674,0.0008375093443027031
2.249,0.05467874218210249,-0.00428381810442599,0.000814674674387942
2.25,0.054439618467959194,-0.004637948378287522,0.0007892723726320835
2.251,0.054219221207015854,-0.0049441857680997,0.0007633036967521845
2.252,0.053996272117045954,-0.0053777645410802155,0.0007402562395095611
2.253,0.053706140328912494,-0.005885513763651779,0.0007163523135292585
2.254,0.05338743424730137,-0.006451789703694341,0.0006914496050330009
2.255,0.05302817621543683,-0.007079064173948406,0.0006678528193929306
2.256,0.05260023863156224,-0.007738418564001178,0.0006457912108648535
2.257,0.0520701693121155,-0.008356566273803516,0.000625672093744126
2.258,0.051636499793342755,-0.00897354372308389,0.0006042645989625675
2.259,0.05119861896100513,-0.009572064015913002,0.0005825423736255497
2.26,0.0508862456573183,-0.010115657293387119,0.0005629035069033948
2.261,0.050661536350987454,-0.010666415558984153,0.0005426569687806482
2.262,0.050550808976830036,-0.011219337935412146,0.0005249931939662268
2.263,0.05048616754374752,-0.011843000455325502,0.0005078881118138531
2.264,0.050426314992869314,-0.012531621142235484,0.0004922055414474144
2.265,0.05033255054087488,-0.013334260768789394,0.0004763905451162803
2.266,0.05018475247573192,-0.01410590720177261,0.00046502402427090806
2.267,0.04997641018120807,-0.014873996084374806,0.00045355056660848826
2.268,0.04969704315408481,-0.015670925769787687,0.0004402945551137407
2.269,0.04942240532521794,-0.01635492959235703,0.00042765741625598987
2.27,0.04911671781377085,-0.01705187619204427,0.0004115223572869176
2.271,0.048818032020562854,-0.017706846848745263,0.00039580229332857714
2.272,0.04853518749173235,-0.018326342052367373,0.00038097458222154004
2.273,0.048299141036396556,-0.018901490472820713,0.00036422342690778375
2.274,0.04815627325533403,-0.019435148953975134,0.0003453766500386515
2.275,0.04802074955014879,-0.019983671202910388,0.00032485498633495443
2.276,0.04778021639245625,-0.020511101378418765,0.00030543980013949526
2.277,0.04757648366800148,-0.020994034551419904,0.00028428347114227166
2.278,0.04731825158193845,-0.021410654810959547,0.00026470762967697775
2.279,0.047088244456120185,-0.02179337309757054,0.00024344201850622625
2.28,0.04678146544298522,-0.022235241183459053,0.0002266695556083667
2.281,0.0465904786173163,-0.022644177666871507,0.00020601730385048618
2.282,0.04643839501497457,-0.023050018454607534,0.00018844123949879332
2.283,0.04632780611940397,-0.023424082457781357,0.00017249474322571126
2.284,0.04631181114708695,-0.02374580159255879,0.00015981370398528518
2.285,0.0463183455935222,-0.024035043833302676,0.0001459569094270465
2.286,0.046294628329265806,-0.024244620251924004,0.00013579791525069902
2.287,0.04626974265147087,-0.02441711130853684,0.00012607082279590936
2.288,0.046342559481154524,-0.024431550507887017,0.00012161982106209993
2.289,0.04625346428532308,-0.024411858487183115,0.00011413871886013652
2.29,0.04617992074501777,-0.024356523454441198,0.00010405349390303371
2.291,0.04601636596470732,-0.024233112471449554,9.667050480796939e-05
2.292,0.04580286182834296,-0.024137624270817774,9.33672816319025e-05
2.293,0.0455605026590674,-0.024014759712245273,8.6896343758545e-05
2.294,0.04539928069841674,-0.023840911663197604,7.841236272553942e-05
2.295,0.045267199165991284,-0.023715342857006307,6.323952873910814e-05
2.296,0.045179838450601535,-0.023494795541113205,5.0200781589578025e-05
2.297,0.0452077179896969,-0.02312770630786276,3.5377519197306306e-05
2.298,0.04525990229461879,-0.022640611168290886,1.7767721087287667e-05
2.299,0.04548272717180214,-0.022048698066392355,-4.442716457793601e-06
2.3,0.04569296331575727,-0.02132617585905698,-2.5259758584821393e-05
2.301,0.04584223791939637,-0.020551856840545092,-4.519141785799298e-05
2.302,0.04602220595535289,-0.01976195378025211,-6.76783798220287e-05
2.303,0.04615601679341258,-0.019004551807559354,-9.603719223237844e-05
2.304,0.046213908810929565,-0.018204407442411946,-0.00012292191741454907
2.305,0.04621612413499021,-0.017485724021010444,-0.00014655111702212818
2.306,0.046185248776933,-0.016758488657901083,-0.00017332873199810063
2.307,0.04615362791206799,-0.015994451399036175,-0.000199556474303583
2.308,0.04611995695175117,-0.015138504348399947,-0.00022810861018167036
2.309,0.04615059894960641,-0.014194255872557373,-0.00025735747245555563
2.31,0.04629913073217769,-0.013154033093430738,-0.0002868915734392589
2.311,0.04648459096951834,-0.012024573006382844,-0.0003173125450021331
2.312,0.04677168750361928,-0.01084434114063576,-0.0003509651964195622
2.313,0.047046626211637146,-0.009687197861727427,-0.0003856491653521716
2.314,0.04729746301698786,-0.008572195230414404,-0.00042112927899026667
2.315,0.04754927660800179,-0.007474197107787163,-0.000460657710742333
2.316,0.047732758024489993,-0.006471699118731827,-0.0005004082784985101
2.317,0.047838626703243625,-0.005551622515253034,-0.0005401967512109016
2.318,0.047890136559500585,-0.004670640135112394,-0.0005782359535412821
2.319,0.04786693583068299,-0.003739156978846029,-0.0006168116974389275
2.32,0.04783264996520464,-0.00280810464595228,-0.0006567228409828303
2.321,0.04777093965201787,-0.0018361307800504574,-0.0006952349448278712
2.322,0.04772491213725873,-0.0009449640932903038,-0.0007330427027227313
2.323,0.04776190674181264,-6.628793763571305e-05,-0.000768237027020848
2.324,0.04789773411527471,0.000790506867586912,-0.0007987273952540255
2.325,0.047982619998467736,0.0016121987065781623,-0.0008269221275601138
2.326,0.048099638122780515,0.002327579363816506,-0.000853265328610857
2.327,0.048262333526729234,0.002985303991131484,-0.0008799116468805981
2.328,0.0483951833428752,0.0035968813166826537,-0.0009033164564975798
2.329,0.04844600541991435,0.004106219270350944,-0.000924707306899141
2.33,0.04844001159583775,0.004597697657665142,-0.0009415709640098631
2.331,0.04830291555364458,0.0050449690448942965,-0.0009514595490330224
2.332,0.04811813581142038,0.005492644938486313,-0.0009575218163954378
2.333,0.047868939288190415,0.005904833095888483,-0.0009664057464722994
2.334,0.0475992597995878,0.006255014416168974,-0.0009759258925955387
2.335,0.04727749506716644,0.006572513824570464,-0.0009841523577347271
2.336,0.04696687028144455,0.006757039611499153,-0.0009903316286875548
2.337,0.046694185847973836,0.0068766911088231535,-0.0009938188933976107
2.338,0.04642120693584483,0.006967804624659808,-0.000996534116049131
2.339,0.04619906148271122,0.006990910107997732,-0.0010003653920089793
2.34,0.04603554238549282,0.007000159247592462,-0.001004841524477954
2.341,0.045855634466761774,0.006989548232677851,-0.0010095324104294867
2.342,0.04567718613221922,0.006985311147133697,-0.0010140034686924788
2.343,0.04544236546246129,0.007018725434531662,-0.0010158606014612423
2.344,0.045203186835974137,0.00701896565094162,-0.0010199918320096368
2.345,0.04500347514371489,0.0070696287864797265,-0.0010220287825033598
2.346,0.04475713860483824,0.007039418993558074,-0.0010219626693719972
2.347,0.04458565522457734,0.006927623116809387,-0.0010212089857996232
2.348,0.044356391054049975,0.00680394960276611,-0.001019929116711257
2.349,0.044180978208014275,0.006621944290857302,-0.0010200364827969318
2.35,0.04402712655028222,0.006356487206199225,-0.0010184862600080102
2.351,0.043848398811125656,0.006039501622029838,-0.001016182473014852
2.352,0.04369458268128439,0.005728892842564607,-0.0010131405126236072
2.353,0.04349870617310682,0.005387116669564171,-0.0010071875900635777
2.354,0.043323721945130636,0.005061418338526124,-0.0010021262432749793
2.355,0.04315126230207038,0.0046897842967635935,-0.0009952287488972057
2.356,0.04301741016654582,0.004367248129745217,-0.000987215808453693
2.357,0.04290411866203671,0.0040370436906217695,-0.0009777365711522421
2.358,0.042813992886617906,0.0036865618196099403,-0.0009667726717871378
2.359,0.04276085018927289,0.0033302485851415555,-0.0009538402544114055
2.36,0.04271051757463794,0.002923310466483883,-0.0009415784687809249
2.361,0.04268874836508031,0.0024963980001681697,-0.0009280125591704636
2.362,0.04259023728925968,0.0021072339830902932,-0.0009140371094575215
2.363,0.042501721885605886,0.001704690692533593,-0.0009001401167410579
2.364,0.042374466192440355,0.001327557825799596,-0.0008872208687135774
2.365,0.04222416943838557,0.0009137574630593151,-0.0008757687107522876
2.366,0.042118848347229454,0.0005364284119998217,-0.0008646523265374744
2.367,0.04199487011977081,0.00013649175066013028,-0.0008531901206132232
2.368,0.041920697376357424,-0.0002617920634083934,-0.0008441606521982781
2.369,0.04190721337055354,-0.0006865926186408258,-0.0008356728654111155
2.37,0.041953516731975025,-0.0010672489003469704,-0.000828899507354748
2.371,0.04207806470962328,-0.0015455765510039195,-0.0008233012014912877
2.372,0.04223937131133345,-0.0019973136241158585,-0.000818565292821133
2.373,0.042397608607922084,-0.002407361629982333,-0.0008139499562996223
2.374,0.04252502247871002,-0.002790352823635957,-0.0008093140677125919
2.375,0.042592284839336594,-0.003108477299892213,-0.0008066847096741384
2.376,0.042530222612241805,-0.003337582014822116,-0.0008050492399855006
2.377,0.0423732687478879,-0.003572946353888032,-0.0008015537859398095
2.378,0.042157772197846485,-0.0038382701487552733,-0.0007976675652990861
2.379,0.04194072709165802,-0.004057849211946848,-0.0007927241952765092
2.38,0.041682041100738663,-0.004334297322717062,-0.0007880496212066305
2.381,0.041516948317419596,-0.004619018769713525,-0.0007839965907060539
2.382,0.041423669830727435,-0.004847570259762624,-0.0007768381003322427
2.383,0.041445550552063185,-0.005082600312648747,-0.0007695533278194198
2.384,0.04143676391975558,-0.005322447241315795,-0.0007596364394817888
2.385,0.04145972631928221,-0.005555611681456223,-0.0007506815965400006
2.386,0.041412126856305534,-0.0057305257663385276,-0.0007430594094263796
2.387,0.041296076985361724,-0.005890036787966176,-0.0007317440783211846
2.388,0.04113475378697768,-0.006030065578578502,-0.000722375754443041
2.389,0.04093337898987724,-0.006217539033553859,-0.0007135238207173625
2.39,0.040704399835695154,-0.006351602777310894,-0.0007039431801193791
2.391,0.040513870378115414,-0.006466375613951247,-0.0006934194473285326
2.392,0.04041061864046964,-0.006585684789782303,-0.0006836825817999996
2.393,0.04046257889696989,-0.006686071301128277,-0.0006767809724924506
2.394,0.040552348765222304,-0.006801232036256016,-0.0006720495462734661
2.395,0.04073683127803506,-0.006864017328734914,-0.0006681316004984
2.396,0.04094105850942699,-0.0069146287726932695,-0.0006628826353939188
2.397,0.041097798763357805,-0.006912626065786999,-0.0006601605382467112
2.398,0.04115969672837736,-0.006845474085161916,-0.0006559342914760658
2.399,0.04114977202809055,-0.006793100540367296,-0.0006530111870469215
2.4,0.041045589128098595,-0.006717374890602486,-0.0006485638701950242
2.401,0.04092790574843547,-0.0065924127565599455,-0.000642459288123447
2.402,0.040813827131685784,-0.006489846861149465,-0.0006365228661652457
2.403,0.040723539437461896,-0.006411500056768701,-0.0006313386610028774
2.404,0.04073489646589645,-0.006383401917679304,-0.0006256280001288375
2.405,0.04083422354852405,-0.0063406337182708855,-0.0006204915820895169
2.406,0.04101317392520719,-0.006307978153040253,-0.0006144595315198916
2.407,0.041146131526980476,-0.0062683519556812825,-0.0006095912976421148
2.408,0.04123475389768092,-0.0062329161138640135,-0.0006059959916688821
2.409,0.04131877683389873,-0.006300709981013099,-0.0006036456190807826
2.41,0.04126751404551891,-0.006324189225680087,-0.0005978464333314721
2.411,0.04107491226082283,-0.006268650554875514,-0.0005930048348399137
2.412,0.04074753858604893,-0.006175851050523262,-0.0005915522114055464
2.413,0.04039301915854601,-0.0060804254216810655,-0.0005879695725536693
2.414,0.040043542051414964,-0.0060121076019432895,-0.0005870528643979917
2.415,0.03971687282246837,-0.006083218201255736,-0.0005866426598787197
2.416,0.03946248876411635,-0.00609734952270112,-0.0005863307841154812
2.417,0.03934968236214513,-0.006136555727185022,-0.0005904382658409747
2.418,0.0393576802767918,-0.006186897998168836,-0.0005954273719640029
2.419,0.03948794274431171,-0.006247307029155574,-0.0006018138119831296
2.42,0.03967478684763848,-0.006336505755918875,-0.0006075052094093872
2.421,0.03996602881517254,-0.006300101379769517,-0.0006112639375576845
2.422,0.04021511122297748,-0.006299626990090006,-0.0006184403601536194
2.423,0.04032376296278194,-0.006338160847921687,-0.0006237079816626335
2.424,0.040316266450919916,-0.0063175845693674015,-0.0006281076045374105
2.425,0.04027594553366742,-0.006249708661494768,-0.0006336859021480996
2.426,0.04018322644245278,-0.006238341225452998,-0.0006366808880510927
2.427,0.040138789035910886,-0.006222353707219366,-0.000639581332649216
2.428,0.04017065049601294,-0.006259938949286448,-0.0006403349448217926
2.429,0.04038082197746773,-0.006261424352600964,-0.0006396126108344182
2.43,0.04072162949691543,-0.006243590743861646,-0.0006368974070295457
2.431,0.041225615998189635,-0.006184002206338329,-0.0006352236435638698
2.432,0.04183295307096031,-0.006054592054449137,-0.0006326142346867005
2.433,0.04241228787010566,-0.005945657750997792,-0.0006280487919446866
2.434,0.042865687617070644,-0.005897140272123666,-0.000621390990509291
2.435,0.04319957184948778,-0.005785658452256925,-0.0006111208889703899
2.436,0.043287061414186125,-0.00577273250434214,-0.0006043171968733441
2.437,0.043222005868186836,-0.005808184062301255,-0.0005950042284967356
2.438,0.043067319380009864,-0.005805176507194226,-0.0005890683501918115
2.439,0.04292611118761661,-0.005774831389568719,-0.0005855611522930044
2.44,0.042859356315335356,-0.005756210820823879,-0.0005833724041998038
2.441,0.04294575906905396,-0.0057129847585704885,-0.0005810635087323828
2.442,0.043224370598837276,-0.005583013877370507,-0.000584682246161856
2.443,0.04367526491767091,-0.005373565171596165,-0.0005950421211301416
2.444,0.0442035156850872,-0.005183280586069594,-0.0006080377721595325
2.445,0.044712262438300815,-0.004991021175241993,-0.0006224859179586826
2.446,0.04514573457196294,-0.004874739358966172,-0.0006396120488781443
2.447,0.045364342556682466,-0.00491089174695318,-0.0006576456688622302
2.448,0.04541821600377875,-0.004985601909781659,-0.0006768830167561909
2.449,0.04534530007552483,-0.005219436850776568,-0.0006951754599172615
2.45,0.045237680287373,-0.005527503292917263,-0.0007117017058703229
2.451,0.0452279093967291,-0.005759612104310918,-0.0007250371764413912
2.452,0.04535122213181188,-0.005983972105588917,-0.0007381292896838972
2.453,0.045656807083683595,-0.006153161386434403,-0.0007442346972023681
2.454,0.046133484805625694,-0.006191272573114859,-0.0007517398306913522
2.455,0.04677475721702435,-0.006203280324504248,-0.0007547040458188645
2.456,0.04750690914314573,-0.006185004916487741,-0.0007581981779172472
2.457,0.04818747956133186,-0.006161418909780697,-0.0007606899583470485
2.458,0.04871897461410717,-0.0061786396390211135,-0.0007631961455886921
2.459,0.04911916424812487,-0.0062413816157702445,-0.0007677511101386607
2.46,0.04935172955935398,-0.006303647886968508,-0.0007741074118322878
2.461,0.04944147312112906,-0.006362679071183042,-0.0007812939645009507
2.462,0.0494190083133945,-0.006399295460673637,-0.0007888947809666876
2.463,0.04931736132179754,-0.006382131019381565,-0.0007990998778470138
2.464,0.049251734122165984,-0.006266690169652353,-0.000808499425545033
2.465,0.04920295300947902,-0.006098023531337121,-0.0008204970741320594
2.466,0.04922549612574876,-0.00587441288575595,-0.0008341857562371945
2.467,0.04927310596095492,-0.005614382655149616,-0.0008437133705254985
2.468,0.04934866756907726,-0.005389361928294742,-0.0008547384958870756
2.469,0.04935947451689715,-0.005196043896571231,-0.0008633482422260448
2.47,0.04929281027418882,-0.005036978211846635,-0.000869808166046445
2.471,0.04914784269174222,-0.004946857754458744,-0.0008733036210344685
2.472,0.048896570924102815,-0.004965739041847106,-0.000871369719475748
2.473,0.04856992800161925,-0.005042054772130003,-0.0008661423663649618
2.474,0.04821828538361346,-0.005136143405460647,-0.0008560454383649825
2.475,0.04789011084132498,-0.005291318129368852,-0.0008439001154261479
2.476,0.04762216664290141,-0.005451142543304574,-0.0008293472420718936
2.477,0.04744207881016447,-0.00562347593381661,-0.0008106739661659289
2.478,0.04731294586702294,-0.005813921903366132,-0.0007925747337551475
2.479,0.047212313850440626,-0.005941359910081989,-0.0007762879326392301
2.48,0.04715528409969526,-0.006118479910009647,-0.000761503299892991
2.481,0.04706199719954464,-0.006232161168655395,-0.0007501580352383649
2.482,0.046926236364142525,-0.006320947522140713,-0.0007372898527806531
2.483,0.04668931799376227,-0.0064075665364763945,-0.0007268762829903753
2.484,0.04642428821596963,-0.006499002740959561,-0.0007185779050049197
2.485,0.046117528715303543,-0.006678617130459669,-0.0007138986812497811
2.486,0.04583049084916017,-0.0068389057221726335,-0.0007105010294862887
2.487,0.04559245813562683,-0.006985611933559052,-0.0007076399091418698
2.488,0.04541783624246132,-0.007080136657492464,-0.0007046876906300007
2.489,0.04528897296905875,-0.00714361065012846,-0.0007028264755144164
2.49,0.045139480982761215,-0.007176999890315672,-0.000701378908055524
2.491,0.045030577827955595,-0.007158847407525634,-0.0006978615982057654
2.492,0.04486028722594225,-0.007081816685095624,-0.0006930269621005078
2.493,0.04465497209190384,-0.0069832518616344125,-0.0006877541958193162
2.494,0.04439624894475715,-0.006849306372985739,-0.0006836258559297614
2.495,0.04410966388087267,-0.006718293162132391,-0.0006767986399554202
2.496,0.043824034328081796,-0.006658849743805498,-0.0006710751126204919
2.497,0.04352913830778684,-0.006654046192643245,-0.0006646973166884704
2.498,0.04330673852659382,-0.006711664638352793,-0.0006573016749694733
2.499,0.043155379974367324,-0.006744660286700635,-0.0006523661186942291
2.5,0.043023271780890784,-0.006694532085577687,-0.0006471858097136785
2.501,0.04294423841956692,-0.006569988963443983,-0.0006459741696552295
2.502,0.04283445069910469,-0.006305073229880019,-0.0006445252153368276
2.503,0.042742467102117994,-0.005949514687130168,-0.0006435821791402524
2.504,0.042581126373570075,-0.005480396622079622,-0.0006433564864839165
2.505,0.042392811186819965,-0.005000634860539997,-0.0006427332110164916
2.506,0.04216688568566937,-0.004520858155389523,-0.0006445034786471955
2.507,0.04191884012085486,-0.004060719166735234,-0.000643789933340576
2.508,0.041687614330049326,-0.0036435364318451804,-0.0006416923702181303
2.509,0.041452576646943184,-0.003192426643230467,-0.0006380228993185552
2.51,0.04120115664307111,-0.0026661922995236606,-0.0006351935362084852
2.511,0.04104021875336401,-0.0021155557390327706,-0.000631072735666333
2.512,0.040856011349737556,-0.0015662199836517787,-0.0006252364224574816
2.513,0.040726852873191444,-0.0008384799768979545,-0.0006166753070113811
2.514,0.040546074669182114,-0.00015106785731586886,-0.0006046421610892313
2.515,0.04042240440737781,0.0006744362331563211,-0.0005954204012416887
2.516,0.040308719626720696,0.001515516782027715,-0.0005827138994563812
2.517,0.04027916579265695,0.0023424794199161172,-0.0005699332535122855
2.518,0.04030044565623542,0.003128259704557792,-0.0005564643668026876
2.519,0.04034572605898003,0.0038892637772606087,-0.0005418580153628821
2.52,0.04048440860401685,0.004661956528048321,-0.0005291802374984649
2.521,0.04069223659608212,0.005428902172957849,-0.0005157591527717711
2.522,0.0408983266598082,0.006124930057161912,-0.0004990711933458928
2.523,0.041292202104268795,0.006944341184267651,-0.00048565845094249095
2.524,0.041640100387579676,0.007745604201622958,-0.0004718166955010973
2.525,0.04207712436059298,0.008572489657447559,-0.0004607981893465028
2.526,0.042679394956099764,0.009428650229990338,-0.0004556993149043131
2.527,0.04329688421149702,0.010273266484652432,-0.0004559135248060815
2.528,0.04395629499576925,0.011087913313195325,-0.000457043485852542
2.529,0.04470039361170721,0.011827690286194997,-0.0004589859808298815
2.53,0.04549702507648393,0.012590040956388458,-0.00046496129286215733
2.531,0.0463620192558324,0.013296911994523406,-0.0004736165404433632
2.532,0.047342983424686146,0.013960362944802759,-0.00048519587543320277
2.533,0.04834973701380048,0.01463664115986116,-0.0004983337956323052
2.534,0.04937979187336538,0.015201833069009475,-0.000511318351241966
2.535,0.05049630797640067,0.01574923478080774,-0.0005233779866319823
2.536,0.051481744309175834,0.016194297200034187,-0.0005326747934651895
2.537,0.05238894546074559,0.016540993210352337,-0.0005384728577665202
2.538,0.05322115649753824,0.01681931399763554,-0.0005430260605899248
2.539,0.05384080896378683,0.017042491865114452,-0.0005476434782161789
2.54,0.05430151404451354,0.017238768670330668,-0.0005512398425011239
2.541,0.054652060754387076,0.01728755635145511,-0.0005556796014851648
2.542,0.05491729236313738,0.017374145621446978,-0.000555847655586151
2.543,0.055116538698072315,0.017475426507401796,-0.0005598492590237721
2.544,0.05522193433020754,0.01760699104743854,-0.0005632365005518795
2.545,0.055365113011210734,0.017530138637718417,-0.0005724535268103405
2.546,0.05551881095805819,0.017547477664865287,-0.0005789629103937049
2.547,0.05566415443826822,0.017554018531675798,-0.0005870280411893736
2.548,0.05574759532513372,0.017498188692977534,-0.0005935797119368011
2.549,0.055653165270707294,0.017361838223406735,-0.0005987876203820472
2.55,0.05545117854243811,0.017214338140910293,-0.000604882879706011
2.551,0.05526942892605792,0.01686706157075101,-0.0006101165210730358
2.552,0.054815484958177035,0.01663235693294298,-0.0006140061065651077
2.553,0.054388329573082705,0.01626414644282575,-0.0006154225045694525
2.554,0.0540633102570815,0.015596312053825813,-0.0006145991851736976
2.555,0.0537398145518336,0.014799808543512004,-0.0006045172801259394
2.556,0.0534218462462092,0.013891680278738654,-0.0005979263539875577
2.557,0.05321870857421264,0.01279080573174804,-0.000584072375915728
2.558,0.05316643626458934,0.011664583451849612,-0.0005616566452162224
2.559,0.05309431240554457,0.010494435409198845,-0.0005324056887174271
2.56,0.05305331485307904,0.009235810929495866,-0.0005038315080613924
2.561,0.05305569820807515,0.008111324537298882,-0.0004714519538058927
2.562,0.052783901454217325,0.007089428113793282,-0.0004393903279867837
2.563,0.0525972684428605,0.006129407610906225,-0.000404796365203409
2.564,0.05240137856404922,0.0051155724463758726,-0.00037129626905690926
2.565,0.05214669084480392,0.00407153031035299,-0.0003375233858177875
2.566,0.05185263659736131,0.0029146122097908414,-0.0003060016983116174
2.567,0.05150174108537854,0.00170403613764427,-0.00027083099188844953
2.568,0.051209784104493686,0.0004103762308954387,-0.0002332091703005977
2.569,0.050905873995908645,-0.0009400667679193564,-0.00019606139624851445
2.57,0.05045143535071564,-0.00227647556352515,-0.00015616632472643987
2.571,0.050060612582150985,-0.003488208707940761,-0.00010939021555559953
2.572,0.04973952966693924,-0.004598883130947452,-6.655682492377117e-05
2.573,0.04932657883964553,-0.005641855234049732,-2.2614689677053976e-05
2.574,0.0489870587322349,-0.006530440326864548,2.5017401578423192e-05
2.575,0.04863450017922601,-0.00739078308822666,6.960222560743398e-05
2.576,0.04850128588664472,-0.007930240074049362,0.00011882296234718326
2.577,0.048343015047573615,-0.008720585013591034,0.00016228535982050073
2.578,0.048224114078288506,-0.009385772455266117,0.00020191333448758527
2.579,0.04824673099348577,-0.009925288436295358,0.00023595760944258653
2.58,0.04833752545143704,-0.01039199964242045,0.0002691480225607308
2.581,0.04853751109442745,-0.01078551851860797,0.0002942371320063306
2.582,0.04879608062429311,-0.011135271709761849,0.00031768198023742183
2.583,0.04914186701169089,-0.011083759194840843,0.00033391956260999506
2.584,0.04957149641584184,-0.01090734295725776,0.00034785895948470646
2.585,0.04993442687619569,-0.01072609525668227,0.0003571452279615755
2.586,0.05029260040188195,-0.010406147327006655,0.0003596187235194938
2.587,0.05065365020324121,-0.010056804070870333,0.0003630702150791838
2.588,0.050931566289143894,-0.009785877075787337,0.00036287091541219055
2.589,0.051289057057628026,-0.0094507057342906,0.0003605244643763967
2.59,0.05165870157340788,-0.009083814595115109,0.00035869793270892355
2.591,0.05209332069212555,-0.008789867797213812,0.0003609150393880142
2.592,0.052614726635883846,-0.00834955010395911,0.0003643384927548138
2.593,0.05303674704868971,-0.007856578519392662,0.00036997719187553647
2.594,0.05354114632524485,-0.007454888993372082,0.0003771400887403756
2.595,0.05406464102380923,-0.00702406504729438,0.0003848001090479781
2.596,0.054461868797504254,-0.006642072053929485,0.00039695132156398105
2.597,0.05450645201583645,-0.006319667150099177,0.0004069140578134203
2.598,0.054377733372515835,-0.00595799519381978,0.00041972142359121046
2.599,0.05403148464085006,-0.0055774158046091385,0.00043062274097983746
2.6,0.0536198979309349,-0.00526568994268652,0.0004418830174049763
2.601,0.05297839784348332,-0.004865237724005768,0.0004527062370250889
2.602,0.052420241810183996,-0.004544814173651785,0.00046548853475093625
2.603,0.0520384145579108,-0.004106465580891937,0.0004764264229706364
2.604,0.05180163187124938,-0.0037817308285535067,0.00047998181765335674
2.605,0.051706122434237646,-0.0036234560484386964,0.000488533115176132
2.606,0.051725587026582615,-0.0034205693151022204,0.0004967415662045149
2.607,0.051717657381221846,-0.0034084521995482175,0.000502585545359495
2.608,0.05156154217645042,-0.0034265297717939597,0.0005076126166030347
2.609,0.05118713835780577,-0.0034782595251630147,0.0005134341465020298
2.61,0.050643899150611404,-0.00336156308327739,0.0005171044222621596
2.611,0.049969528718773165,-0.0032715253864369197,0.0005193324590903831
2.612,0.04932393939626312,-0.003064016422700346,0.0005190915875076995
2.613,0.048863567012485315,-0.002756604701162197,0.000519228039243032
2.614,0.048682586043915316,-0.0025158347209679605,0.0005183991731341097
2.615,0.04885194781326427,-0.0022932133516585344,0.0005164328981100507
2.616,0.04935068369058605,-0.0020465148078693714,0.0005127436300401498
2.617,0.05006319700621421,-0.0019387480297280817,0.0005078525920457739
2.618,0.05075276226522501,-0.0018709760468500203,0.0005038416018906734
2.619,0.051242466146285276,-0.0018039132619930148,0.0005000303205922651
2.62,0.05141276638906179,-0.001671073929833497,0.0004932251769409697
2.621,0.05130869578110396,-0.0014280263716369285,0.0004889674222010021
2.622,0.050904527599203137,-0.001153109832632544,0.0004805069795427119
2.623,0.05050577046503864,-0.0008646515102330964,0.0004707891897203614
2.624,0.05023652391598677,-0.0005155963409661027,0.00045962582510959704
2.625,0.050157032462338824,-5.262522685073323e-05,0.00044434265774166075
2.626,0.05034004306618036,0.0002096981112481508,0.00042734652707846036
2.627,0.05083333829794176,0.00036103123168548107,0.00040952564492804277
2.628,0.051426244393000135,0.0004699117216249316,0.00039108513415087997
2.629,0.051971467604390614,0.00047033155255174486,0.0003723902455118529
2.63,0.05224252764494291,0.00044719704824138645,0.0003529362425449031
2.631,0.05217957265963139,0.00039457904843632347,0.000333189677387328
2.632,0.051769397144320925,0.0002903121134975213,0.00031617809254612557
2.633,0.051101773816080234,0.00026679356257276743,0.00030023016151767913
2.634,0.0503251422439399,0.00017750356541251788,0.00028255375669348744
2.635,0.04954431070341453,-1.3662437095947333e-05,0.00026084024571619514
2.636,0.04901491814926593,-0.00015946145038307769,0.00024600572004218315
2.637,0.04883469410906886,-0.0004536615974308142,0.00023598183644477744
2.638,0.04887778933620258,-0.0007867526537475231,0.0002246126488713513
2.639,0.04905041979390774,-0.0011531584425375704,0.00021575946583044284
2.64,0.04912705183117561,-0.0015395987141105533,0.00020750797074578422
2.641,0.048943074586511294,-0.0020659277249453142,0.00020034216546276664
2.642,0.04848781152251921,-0.0025198037337186355,0.0001907143244885951
2.643,0.04773606858858141,-0.0028042845989454147,0.00018401232784735246
2.644,0.04691117062076631,-0.003105378587301713,0.00017405043860971834
2.645,0.04605136808392701,-0.00350535527906376,0.0001662900330869533
2.646,0.045434333676773395,-0.003935011791727783,0.0001592169082380026
2.647,0.04511963420112699,-0.004413416478692894,0.0001505896381417394
2.648,0.04500145765953362,-0.004836304683190129,0.00014974773667697722
2.649,0.045076439439784975,-0.005410910614686779,0.00014925639190611342
2.65,0.04523048947858147,-0.005942798931603321,0.00015374358083300086
2.651,0.04533183127259537,-0.006594648533150678,0.0001557474319030433
2.652,0.045252885471729294,-0.007168290304635581,0.00016248756114625024
2.653,0.04492442888102066,-0.00767122641360337,0.00017324571686770348
2.654,0.044458694673068906,-0.008256478133546054,0.0001798821333752579
2.655,0.04393159047051983,-0.008763871848380511,0.0001914091195742533
2.656,0.04351630219524453,-0.009439560461689409,0.00019944253907427521
2.657,0.043210445072976535,-0.010070296805518741,0.0002108335612130502
2.658,0.0431643565207364,-0.010727160488703952,0.00021894120750715822
2.659,0.043245308400739646,-0.011397777172842016,0.0002232661324216783
2.66,0.043422305482309416,-0.01213374096665884,0.00022352029032867695
2.661,0.04356408816032668,-0.012781737983389024,0.00021870283366697376
2.662,0.04357791318187128,-0.01338153136923885,0.00021281965348636793
2.663,0.04353061417254975,-0.014062109106844176,0.00020127205920381845
2.664,0.04343465484694026,-0.014683319695614247,0.000192873902720258
2.665,0.04329397344823456,-0.015273852975146399,0.00018422421598720596
2.666,0.043201881685839175,-0.01595715375193202,0.00017219820682089584
2.667,0.043251670612620516,-0.016620235335800093,0.0001634433050569685
2.668,0.043347835227238785,-0.017242695468387984,0.0001581119510742923
2.669,0.043438106185894505,-0.01792173228060008,0.0001524119276827072
2.67,0.04358103048838561,-0.01852767197888483,0.00014524632378698672
2.671,0.04371760844005033,-0.018998255417766993,0.00014086779465935734
2.672,0.04376254011684947,-0.01946638304695296,0.00013962230312352547
2.673,0.043749041338793676,-0.019863081399975197,0.00014079682978493358
2.674,0.0437168274488513,-0.020113297813452183,0.0001438633423374038
2.675,0.043665629903920755,-0.020287057400622865,0.00014218236640492021
2.676,0.043757297778885776,-0.020360526503960905,0.0001408313880115746
2.677,0.04398192732952714,-0.020360990214439822,0.00013768236701343253
2.678,0.04429550825752885,-0.020300706892228335,0.00013333210785620715
2.679,0.04453783005845897,-0.02009679758725888,0.00012886889566979557
2.68,0.04476217740570848,-0.019807984650284383,0.00012142557555840528
2.681,0.04478221811763783,-0.019320972657358132,0.00011031654637441062
2.682,0.04463720624614104,-0.018713283071006226,9.528828447297123e-05
2.683,0.04440957942748812,-0.017923062988621133,7.416554248393143e-05
2.684,0.04409247412425918,-0.017019534573411016,4.940213571657951e-05
2.685,0.04375170954619978,-0.015961909264376573,2.4058107249393047e-05
2.686,0.043500479129470915,-0.014889308554406566,-8.531007222615725e-06
2.687,0.04344714058513317,-0.01376524653458458,-4.16987499991104e-05
2.688,0.04356592910844115,-0.012632540371305456,-7.781110014159565e-05
2.689,0.04363570949120531,-0.011489134741817092,-0.00011338777058847579
2.69,0.04375862955504799,-0.010372376391798235,-0.00014912862432501107
2.691,0.043799953506027535,-0.009178278804842996,-0.00018308756383729713
2.692,0.043691652545382445,-0.007919126739207652,-0.000218385883806355
2.693,0.043463234278372676,-0.0067146463085367425,-0.000252209272434911
2.694,0.0431114690257981,-0.005521241499504323,-0.0002843906469491694
2.695,0.042762356344752436,-0.004249208403141941,-0.00031179439646515173
2.696,0.042514377855531874,-0.0031248568694700884,-0.00034313963223938184
2.697,0.04238390781574608,-0.0020361195233773444,-0.00037226350072379235
2.698,0.0423668568157472,-0.0010136259805724468,-0.0003995295247429334
2.699,0.04247000824700935,-4.7449358067858105e-05,-0.0004289533086184853
2.7,0.042619672852180365,0.0007633724520631768,-0.00045691593370322445
2.701,0.04277398079818308,0.0015160254089589542,-0.0004821178874473552
2.702,0.042835952900788274,0.002120613604219057,-0.000508833009479136
2.703,0.04280718305914259,0.002633509106893611,-0.000533712939265523
2.704,0.04269739813448237,0.0030422859335158536,-0.0005553769787006959
2.705,0.04253757055888349,0.0034578925665410265,-0.0005718561968331218
2.706,0.042404620326771156,0.0037486793379521988,-0.0005858300794473693
2.707,0.04233650378479971,0.0039910263291278725,-0.0005955612918879124
2.708,0.042303011556000275,0.004162294409318895,-0.0005997294815626719
2.709,0.042284332753541626,0.004311622075826388,-0.000602446841858879
2.71,0.042336922179345746,0.004421582550887149,-0.0006044592650725698
2.711,0.04235826946850452,0.00442998912548076,-0.0006023868587806474
2.712,0.042371111685371415,0.004357871678970754,-0.0005991196838036376
2.713,0.04224958773259145,0.0041739227182161776,-0.0005957983247166842
2.714,0.042063573491377945,0.003957788928967226,-0.0005927728942301793
2.715,0.04187845770503408,0.0037026534094730112,-0.0005913690002512056
2.716,0.041628755929984204,0.0034571328374113364,-0.0005895975966569815
2.717,0.041442987682501695,0.0031860996213447512,-0.0005891336791939421
2.718,0.041246799292218236,0.0029199851698064883,-0.0005904774088769254
2.719,0.041130030904506065,0.002650734807556121,-0.0005960886355666016
2.72,0.04103187015314655,0.0024003891586131254,-0.0006039469624678772
2.721,0.040929387182227814,0.002136459865478252,-0.000614903750612537
2.722,0.040848006815527305,0.0019019682194670595,-0.0006274989285163124
2.723,0.040757798361183845,0.0016456817080510444,-0.0006413089902764263
2.724,0.040701320760578905,0.0013890637688473428,-0.0006574645534912758
2.725,0.0407627884605402,0.0010276693185624075,-0.0006744205555476287
2.726,0.04077520531703774,0.000645593258823518,-0.0006921748218323752
2.727,0.04084344397912422,0.0002614617369413319,-0.0007107748313983767
2.728,0.04088925542850716,-0.00018180861593622422,-0.0007304313404993474
2.729,0.04097260307220363,-0.0005514896914455836,-0.0007501201063614197
2.73,0.04102368983467332,-0.0009244001018733905,-0.0007691024853989109
2.731,0.041014638818020796,-0.0012526062950014294,-0.0007847868824403597
2.732,0.04098743723566885,-0.0016500512352945473,-0.0008022176750252937
2.733,0.04095675403581625,-0.0020611481450523716,-0.0008194592762698288
2.734,0.04099960345299884,-0.00247916345037158,-0.0008347034953746677
2.735,0.04110452305705327,-0.002923504308140479,-0.0008477587851685466
2.736,0.04132888737768642,-0.003392571386554105,-0.0008584223629791405
2.737,0.04164845735663898,-0.00388881977345254,-0.0008689480340751375
2.738,0.042021169201561834,-0.0044637572114582524,-0.0008808919153530672
2.739,0.042420503120578254,-0.004990219959394915,-0.0008896844198019878
2.74,0.04266178867425217,-0.005524880793189524,-0.0008946245246429828
2.741,0.0428019769158151,-0.00609175217683719,-0.0009008210484506751
2.742,0.042784708649077824,-0.006636888999186505,-0.0009064524809204791
2.743,0.042604060944621956,-0.007208792822140653,-0.0009101551402941441
2.744,0.042270507130950624,-0.007733554587185554,-0.0009088924149494298
2.745,0.041963711539983795,-0.008170419805618168,-0.000907144569663875
2.746,0.041684895107149234,-0.00861355576607993,-0.0009050862983571537
2.747,0.041429035816224175,-0.009045805149054995,-0.0009019341966571086
2.748,0.04131873037700742,-0.009441440712169971,-0.0008956028105931669
2.749,0.04129541919392171,-0.009839851855830528,-0.0008841572781524835
2.75,0.04127521049648106,-0.010168101784131606,-0.000872354493021711
2.751,0.041224662998760944,-0.010586265484898369,-0.0008600741266088685
2.752,0.04114192155765808,-0.010870010409988584,-0.0008511248144330845
2.753,0.04103339475640873,-0.011089327208538738,-0.0008386110939119778
2.754,0.040867910687400186,-0.011181242192442958,-0.0008231377249508834
2.755,0.0407476832015288,-0.011351683387520434,-0.0008099120542199932
2.756,0.04069507002044837,-0.011220160338440782,-0.0007968677643440869
2.757,0.04068403660485616,-0.010919265362231756,-0.0007815502788992847
2.758,0.04078322363005892,-0.010446298265235507,-0.0007665668683931999
2.759,0.04104887571633585,-0.009954077100961745,-0.0007580079355138526
2.76,0.04135085413155817,-0.009318202263775298,-0.0007539786782462087
2.761,0.041593754816375915,-0.008681365592881095,-0.0007436078667861657
2.762,0.04190188962347255,-0.007985259796881777,-0.0007384939505559815
2.763,0.04214748014233204,-0.0071501273902742635,-0.0007363171863931828
2.764,0.04224913557388428,-0.006240283384761271,-0.0007324481093148969
2.765,0.042327975104504284,-0.005419685956448608,-0.0007334826670036079
2.766,0.04232986123888644,-0.004434401414329395,-0.0007345595716582432
2.767,0.04251158157752983,-0.00340227337636978,-0.0007357122072143627
2.768,0.042646288854122735,-0.0023307247641869977,-0.0007384239497600386
2.769,0.04294023589789612,-0.0012764338724163271,-0.0007434797440183812
2.77,0.04331974564407218,-0.00025514786028561776,-0.000748747744272511
2.771,0.04377087733844503,0.0007992778999880226,-0.0007546456034540337
2.772,0.04417516212280384,0.00174902577627601,-0.0007616607940727381
2.773,0.04451273250638312,0.0025554360384264715,-0.0007694225987778203
2.774,0.04472578162953511,0.0032945706165937554,-0.0007809000405851601
2.775,0.04472383718257337,0.003978735515508643,-0.0007898971456829606
2.776,0.04466301188270555,0.004615885146115377,-0.0008006965153969084
2.777,0.044452013476252356,0.005145148853668485,-0.0008178718286349464
2.778,0.04426973800327391,0.005742343045410492,-0.0008310190713642
2.779,0.044159137557209266,0.006196838677575006,-0.0008469084878850143
2.78,0.044276470357797706,0.006561395610804717,-0.0008621896518543815
2.781,0.044504859092536715,0.0068990183981198425,-0.000872906497719146
2.782,0.04491731422526672,0.007141537550901987,-0.0008830797492389267
2.783,0.04545572481726788,0.007202298635780098,-0.0008923478979332902
2.784,0.04603843447111121,0.0072299280866382955,-0.0008996683114126205
2.785,0.046512496765570406,0.007186318498601276,-0.0009040656049686891
2.786,0.04686598947886584,0.007060658552917466,-0.0009103048754361953
2.787,0.04706676899186121,0.006980133263443762,-0.0009152360482713108
2.788,0.047221277761716716,0.006942702415391903,-0.000917472168480771
2.789,0.04728462241398902,0.007019428050947608,-0.0009197486381109193
2.79,0.04733763463944914,0.007070969378651478,-0.0009203347007652391
2.791,0.047541882224692675,0.007053541827598098,-0.0009228057690562502
2.792,0.04784230898763725,0.007105074477156418,-0.0009262323985904674
2.793,0.04829991540671025,0.007088897601185813,-0.0009324641083631197
2.794,0.04885051474847471,0.007070701948951602,-0.0009390578736401312
2.795,0.04936555111189613,0.007025770331394289,-0.00094518793112305
2.796,0.04985313187528943,0.006955957704345549,-0.0009536241150660301
2.797,0.05012349560417489,0.006920381667859719,-0.0009602265661102304
2.798,0.05018166030018964,0.006855603550662795,-0.000967404712123297
2.799,0.05007850709075649,0.0068177294397367486,-0.000976675453463895
2.8,0.049849819111269976,0.006807786569892818,-0.0009812023947895624
2.801,0.04958880335317597,0.00681356022401553,-0.000980739523025479
2.802,0.049339330984166645,0.006720077216079007,-0.0009815440385416887
2.803,0.04917384160211018,0.006476508300517617,-0.0009797168061595073
2.804,0.04921693748990803,0.006244901878078983,-0.0009737205007384786
2.805,0.04934244973497509,0.005885776676326648,-0.0009663553161432616
2.806,0.049546239460124854,0.005511036643298961,-0.0009585717109055278
2.807,0.04977588931626791,0.005182153551426032,-0.0009502873388782289
2.808,0.04993278294516738,0.004757810777659827,-0.0009423740993716203
2.809,0.049875356890971674,0.004363676730790328,-0.0009331368684203364
2.81,0.04972301868565049,0.004061362463805451,-0.0009231734254216368
2.811,0.04948324113393533,0.0037023599711599117,-0.0009123112873125048
2.812,0.04917661717434335,0.0033201178356006313,-0.0009027135779950187
2.813,0.04896308842418196,0.00291707825401211,-0.0008933390024666252
2.814,0.04888148988426135,0.0025062556969632985,-0.0008853089411128953
2.815,0.04902533448224704,0.002098332184824959,-0.0008770449340836482
2.816,0.0493578176979588,0.0017675775318146437,-0.0008693044550844443
2.817,0.049820157694520376,0.0014793135037309627,-0.0008630237899503374
2.818,0.05033915561310254,0.0013226455843682108,-0.0008513483102952604
2.819,0.05090179642597889,0.0012540508911459969,-0.0008421072556492626
2.82,0.0513766357579251,0.0011997538215311049,-0.0008339992831631881
2.821,0.0516704873737626,0.0011646023541860076,-0.0008286044304777567
2.822,0.051863600759893304,0.0011359230612797491,-0.000823307435382187
2.823,0.052034542058426766,0.0010967529923729333,-0.00081798514228746
2.824,0.05216757730179096,0.0011010410602981247,-0.0008139651343742351
2.825,0.0523255375232691,0.0009606900520349113,-0.0008123229571639526
2.826,0.05264013166320598,0.0009194593478382834,-0.0008116824792383189
2.827,0.05301592066536415,0.0007742564775851807,-0.0008127322374726531
2.828,0.05347509826330875,0.0006138439056517994,-0.0008146670632419431
2.829,0.053964580243471824,0.0005088170483039112,-0.0008199975655011521
2.83,0.05444003596553042,0.0003989004373695926,-0.0008260177281857862
2.831,0.05480940528350184,0.00033058670903589327,-0.0008339128422921394
2.832,0.055079504394450945,0.00016320060645488854,-0.0008450521167201095
2.833,0.05531332152493772,4.775226653901121e-05,-0.0008583908310890625
2.834,0.05551085619331901,-4.0594313429773154e-05,-0.0008724272338301662
2.835,0.0558027761130408,-0.00017340085335304511,-0.000888239389391711
2.836,0.05622263094879827,-0.0004232089817022486,-0.0009068403775336091
2.837,0.0567502293454506,-0.0006984910739242581,-0.0009249320350420628
2.838,0.05744174574308682,-0.0008860943997526724,-0.0009418600933199776
2.839,0.05821580935323693,-0.0010591769089794284,-0.0009559022950293686
2.84,0.058995315494849515,-0.0012592791917249158,-0.0009711952617113765
2.841,0.05979346503720449,-0.0013999111150335558,-0.000986316433957854
2.842,0.060429714697893794,-0.0014875331772342404,-0.0009992298302464349
2.843,0.0610195302735107,-0.0014427750255751326,-0.001011796738179806
2.844,0.061505801608332106,-0.001458153802272738,-0.0010230184666881223
2.845,0.06195632468786258,-0.001387976489988299,-0.0010367081998562586
2.846,0.06236534093028147,-0.001359713408981486,-0.0010505155433499858
2.847,0.06280639299655041,-0.001379732350614879,-0.0010626875777864978
2.848,0.06319042055231308,-0.0013514982859791635,-0.0010746088068445533
2.849,0.06354200281875895,-0.0013001727797092855,-0.0010881722312346658
2.85,0.0638832603053864,-0.0012378537843598936,-0.001100879764149022
2.851,0.06422925854821519,-0.0010251867033909678,-0.0011130298712366945
2.852,0.06452027643112185,-0.0007934408837985268,-0.0011282244366755683
2.853,0.06477313173081951,-0.0004731305717497608,-0.001144480213311144
2.854,0.06501472407720173,-3.059361277174544e-05,-0.0011597409957191567
2.855,0.06535390401910324,0.00047393085974135885,-0.0011749360685677545
2.856,0.06573994717494523,0.0009880686755533025,-0.0011905934641631129
2.857,0.06615344279319672,0.0016592351598063437,-0.001207376910669346
2.858,0.06657495123784243,0.002196792818495358,-0.0012278375192105516
2.859,0.0670067333819512,0.002679667088197085,-0.0012463319150666072
2.86,0.06743868490212479,0.0031099864796653026,-0.0012638384566748015
2.861,0.06780935737836868,0.003515751409331913,-0.001280671049437275
2.862,0.06806933163184428,0.003896883968749959,-0.0012964199418791537
2.863,0.06823622502910268,0.0042943332879512505,-0.0013103277706202475
2.864,0.0683909549378434,0.00471280069514321,-0.0013222606701019817
2.865,0.0685775433139801,0.005165215440156426,-0.0013355417220673287
2.866,0.06871370627986045,0.005654967851591544,-0.001346896851129449
2.867,0.06889793047793735,0.0061268343605603084,-0.0013546950354808673
2.868,0.06914784223282883,0.006648439371488402,-0.001360818398054899
2.869,0.06942767960460694,0.007062501536056906,-0.0013649038364521877
2.87,0.0696264121949637,0.007431090765595991,-0.0013716575867470308
2.871,0.06980466313019403,0.007819155270438596,-0.0013754833654661593
2.872,0.06990664285279413,0.008194053789600413,-0.0013815602674311376
2.873,0.07004054302056324,0.008526166357167735,-0.0013884762257420622
2.874,0.07002049348536137,0.00891330931245915,-0.0013924843457702968
2.875,0.06996380973865321,0.009363354086337962,-0.001398609596633377
2.876,0.06997116810470992,0.009864455460587826,-0.0014041169830100978
2.877,0.06994661552007063,0.010462398898652393,-0.0014074069121963394
2.878,0.06997223980528627,0.011150539227839207,-0.001408873237722927
2.879,0.069897230580868,0.011825088997899587,-0.0014113644092610595
2.88,0.06988249965237672,0.012512251547171234,-0.0014123471567924722
2.881,0.06982048439997138,0.013215986126300636,-0.001409084128077788
2.882,0.06971121376353119,0.013886636250958033,-0.001405634376208585
2.883,0.06948897663295388,0.014572011559330383,-0.0014006307726648374
2.884,0.06922534249793624,0.015368593685008376,-0.0013978309945318398
2.885,0.06902813693350218,0.01611288458899368,-0.0013908580613574864
2.886,0.06879462344673139,0.01694680897909972,-0.0013818628097549259
2.887,0.06856177396328683,0.01780908057016052,-0.0013660208079909104
2.888,0.06831204946071265,0.01860645758025175,-0.0013534853924421335
2.889,0.06816468212448157,0.019390684374212604,-0.0013397654067813097
2.89,0.06805030765048217,0.020087496093246907,-0.0013257798305475086
2.891,0.06789123064148736,0.020690278357665147,-0.0013084531265438615
2.892,0.067770830992498,0.021232602689066946,-0.0012899574447665884
2.893,0.06759282368253122,0.021729427982413785,-0.001271584809122805
2.894,0.067271221129557,0.022159494999736816,-0.001252292076551251
2.895,0.06688808276983658,0.022518407969507805,-0.0012282461000187174
2.896,0.0664049416114127,0.022806083630161678,-0.001206328381816302
2.897,0.0658443191401149,0.02298610219532118,-0.0011826845158930531
2.898,0.06535782701349357,0.023148917856838876,-0.0011599211287086667
2.899,0.06483693807832414,0.023158300690603473,-0.001136374157565324
2.9,0.06446284557695253,0.023128577136962595,-0.0011138741604266667
2.901,0.06428947238885199,0.023107414236189595,-0.0010972302124518274
2.902,0.06426673059192656,0.023104382747303993,-0.0010792516491411922
2.903,0.06438724341948514,0.02323059150886419,-0.0010667160630665035
2.904,0.06449079110433795,0.02344204098218689,-0.0010568528044936896
2.905,0.06462128197064856,0.023764489381230436,-0.0010503105027044029
2.906,0.06460711100217534,0.024161105279931344,-0.0010473008816551943
2.907,0.06454033516739882,0.024580670960602777,-0.0010428459003793975
2.908,0.06438239292532887,0.025103352455840028,-0.0010403235666354292
2.909,0.06409287877518009,0.025470091547852906,-0.0010387373367838838
2.91,0.063755872855259,0.025728127809618653,-0.0010391376075617488
2.911,0.06354125913557891,0.02583054418584187,-0.0010370891465871417
2.912,0.06357604498106016,0.025881181516613165,-0.0010290513269568353
2.913,0.06369937914224083,0.025769684312001565,-0.0010235807507817255
2.914,0.06394888817740202,0.02560352456684349,-0.001011014781230152
2.915,0.06417337492824651,0.02540541546699008,-0.0009966573734825196
2.916,0.06439371814611605,0.02508051848112904,-0.000978528843596641
2.917,0.0644885518018698,0.024609930322030293,-0.0009594069921231128
2.918,0.0644120422000185,0.024062376178732865,-0.0009342948788951845
2.919,0.06425544119029766,0.023324611595018075,-0.0009102874923219936
2.92,0.06398860700344179,0.022397523002744432,-0.0008886051390200959
2.921,0.0636490413896119,0.02128406619197613,-0.0008668080225048186
2.922,0.06333838526824251,0.019989634619480966,-0.0008466249346453178
2.923,0.06313577068592716,0.018528354027006054,-0.0008307693397734408
2.924,0.06303259379360997,0.017081528667853018,-0.0008158535860115877
2.925,0.06308747274071327,0.01563836490757074,-0.0008036622423516871
2.926,0.06321728141428667,0.014235093398882976,-0.0007939149673851274
2.927,0.06334455893972177,0.01280486807219149,-0.0007873338492955148
2.928,0.06347644475744023,0.0114462871674347,-0.0007790130138992735
2.929,0.06353938125246257,0.01017574782139945,-0.0007705695676545998
2.93,0.06364529503228741,0.00885332148936721,-0.0007578362121156731
2.931,0.06369428303636021,0.007496983203033736,-0.0007502348182176671
2.932,0.06368769197767785,0.006111005935713889,-0.0007379410732950349
2.933,0.06374831041657729,0.004708915511026042,-0.0007244485197273266
2.934,0.06387272472202149,0.0034216732123903337,-0.0007042273794003546
2.935,0.06392954902411381,0.002165190580388425,-0.0006860918337776663
2.936,0.06386510269251104,0.0009907455353400435,-0.0006642453535448368
2.937,0.06381197560167993,-0.00010554817009750142,-0.000642412733516721
2.938,0.06376355809267605,-0.0009537875334395523,-0.000616807912343579
2.939,0.06376026399366361,-0.001717372803957326,-0.0005871514234056618
2.94,0.06379893264226491,-0.002458886678883483,-0.0005620524451272291
2.941,0.06396252778563867,-0.003074067987729471,-0.0005359196748522347
2.942,0.06415307248449915,-0.0034655283159761956,-0.0005103476966615231
2.943,0.06433174973157944,-0.003729128520022774,-0.00048236419811794674
2.944,0.0646206274683711,-0.0038280410553904447,-0.0004589078289315841
2.945,0.06477461136818337,-0.0037116480254077303,-0.00043614452655710756
2.946,0.06480664515294052,-0.0033466683997489498,-0.00041610075999803323
2.947,0.06477639044202572,-0.0026596930787724797,-0.0003951559134665744
2.948,0.06462047464033585,-0.001870451391415548,-0.00038146751754052554
2.949,0.06449525684293324,-0.0008490617707460468,-0.00036839248932712086
2.95,0.06434614167990682,0.0002582179681685365,-0.00035776399599953955
2.951,0.06426529232084026,0.0015024141745029994,-0.0003521498335821693
2.952,0.06423948733478244,0.002855455208495297,-0.00034279530037548687
2.953,0.06431593123826436,0.004293694479294868,-0.00033821850089773577
2.954,0.06453001062732458,0.005683610340059049,-0.0003345829192775671
2.955,0.06486910629869426,0.007010417929417183,-0.000329862963025521
2.956,0.06516114325369207,0.008291528769124878,-0.0003295926453148143
2.957,0.06545960444563899,0.00950694973696558,-0.0003329826696953173
2.958,0.06571425343650794,0.010752653411751922,-0.0003381380831613549
2.959,0.0659853261298079,0.01186568497453601,-0.0003433073571220549
2.96,0.06625494909530527,0.01286193170962577,-0.00035027798232515283
2.961,0.06649200725556742,0.01374884976366538,-0.00035957150705104117
2.962,0.06680470871747965,0.014549406047791182,-0.0003688705116932303
2.963,0.06721229435527429,0.015191480096255459,-0.00037940862520056116
2.964,0.06776750772846825,0.0157967029991287,-0.00038707924493488745
2.965,0.06843261936853029,0.016199365632420325,-0.00039154045285288405
2.966,0.06913007729267767,0.016417237719443704,-0.0003929201493681508
2.967,0.06986744476575239,0.016460746378550092,-0.0003939908101648975
2.968,0.0705614329521215,0.016273149362870554,-0.0003894619351732544
2.969,0.07116633997703564,0.015991535761391087,-0.0003716951214252377
2.97,0.07164561651008203,0.015512569596925619,-0.0003508065948181047
2.971,0.07209276010817742,0.014859450723239236,-0.00032503645109362297
2.972,0.07241726888538048,0.014086780246896333,-0.0002933537549574863
2.973,0.07259660705841824,0.013135312812884523,-0.00026002622750301817
2.974,0.07261721153958776,0.012151245407321857,-0.00022170623115455167
2.975,0.07263122491337795,0.011100891571405739,-0.00018248584712178344
2.976,0.07255429414560102,0.00986753578835783,-0.00014590521416166203
2.977,0.07239244410892402,0.00859387677440182,-0.00011273321693584023
2.978,0.07214983183355562,0.007120149794562665,-8.509487070142136e-05
2.979,0.07196562753951427,0.005572763474717558,-6.115931558597698e-05
2.98,0.07173740603850948,0.003908526066123887,-4.051404614834899e-05
2.981,0.07146398950287602,0.002160936680225694,-2.832329916604146e-05
2.982,0.07111922184080156,0.00032361269458329456,-2.0860499957734866e-05
2.983,0.07084120436640019,-0.0013010738186017522,-1.648965265090745e-05
2.984,0.07054423905050262,-0.0028895864496003704,-1.6503787636108205e-05
2.985,0.07016567035617574,-0.0044339110634232445,-2.53949850887574e-05
2.986,0.06982016913567546,-0.005900911193555713,-3.561098221728607e-05
2.987,0.06945282928672819,-0.007280730745035248,-4.789784918296904e-05
2.988,0.06906904851822149,-0.0085490113002715,-5.8668635691615234e-05
2.989,0.06875086636056904,-0.009805111897440245,-6.979002573894962e-05
2.99,0.06839692653806798,-0.01098035826389962,-8.42716724134818e-05
2.991,0.06806217207724824,-0.012060569369709836,-0.00010140040339098422
2.992,0.06762243724396894,-0.013047870088890398,-0.0001224673336555315
2.993,0.06714000912653224,-0.013936831149033655,-0.00014390360837963814
2.994,0.06664896235761497,-0.014695548304314512,-0.00016718895793424535
2.995,0.06606556412194398,-0.015304018696114674,-0.00019009694774969129
2.996,0.06555234674227474,-0.015898076780448994,-0.00021457180178745565
2.997,0.06512498574258437,-0.0162715386975888,-0.000238614861891986
2.998,0.06474481501654869,-0.016541297247848478,-0.0002637895827387034
2.999,0.06443954999724032,-0.016699293630154505,-0.00028525030485480147
3,0.06421092194383239,-0.016846100988552576,-0.00030235437269332337
3.001,0.06403435451984812,-0.016986365663460998,-0.00031649615646077
3.002,0.06381867758937075,-0.01724423496046758,-0.0003275984782318501
3.003,0.06351182781116207,-0.017381068234069506,-0.0003345299940873851
3.004,0.06314013163452825,-0.01753461997792883,-0.0003338955171878409
3.005,0.06276179539863132,-0.017648349103409493,-0.00033000072241006883
3.006,0.06232811490418131,-0.017664353605536216,-0.0003271479261221915
3.007,0.061948442932241804,-0.017646781270681717,-0.0003245937161744148
3.008,0.06163790214444214,-0.017571829533976225,-0.00032437689999883763
3.009,0.06153669568949974,-0.017351718051995875,-0.00032372867320182893
3.01,0.06153571773979599,-0.017070575365186098,-0.0003277591011361967
3.011,0.061517801951883874,-0.01669450769187575,-0.0003311357155112634
3.012,0.06163904516112888,-0.016228674455089114,-0.0003379102806591234
3.013,0.061733699840596415,-0.015684901796552304,-0.00034409640798586277
3.014,0.061730235847357276,-0.015150182120967085,-0.0003521137891161954
3.015,0.06159852150459389,-0.01465953756505014,-0.0003616851179483636
3.016,0.0613730275127497,-0.014200282469522284,-0.00037201763896577643
3.017,0.061158567566884287,-0.013831431835185974,-0.0003844225599687354
3.018,0.06097593016638356,-0.013582769319793804,-0.00039431980520737903
3.019,0.06087933284925219,-0.013353570382220022,-0.0004053470811163464
3.02,0.060904158555350994,-0.013135335157797669,-0.0004145028758511931
3.021,0.061017390728325765,-0.012877136086587693,-0.00042149744280161575
3.022,0.06122563114050543,-0.012570590997269558,-0.0004322322417285477
3.023,0.06148133577054289,-0.012244309246815875,-0.00044066218670652175
3.024,0.06168535778519717,-0.011836393367574784,-0.0004484393280517659
3.025,0.06184596809032007,-0.01144141635549896,-0.0004589130929450525
3.026,0.061895730910124167,-0.0110323735186043,-0.00047137542346223555
3.027,0.06183587974680528,-0.01075088216189149,-0.00048556237675281074
3.028,0.06170978570000163,-0.010539147469469622,-0.000504731199869472
3.029,0.06137403199366386,-0.010388080594512399,-0.0005178692699356615
3.03,0.06109097251065526,-0.010263112580675748,-0.0005322874179980498
3.031,0.06085803640887051,-0.010183894480012952,-0.000549191065337739
3.032,0.06068301805324273,-0.010057902457138224,-0.0005653109619618908
3.033,0.06062009804065857,-0.009887788658765592,-0.0005795157601095085
3.034,0.06065695331885646,-0.009594825131442504,-0.00058910318296334
3.035,0.06080567415173077,-0.009352481615884894,-0.0006017179082831273
3.036,0.060945871052462644,-0.009206811055001936,-0.0006102502822501496
3.037,0.06113956406825134,-0.00909067938850426,-0.0006146769275922777
3.038,0.06131557182902314,-0.009112183832294257,-0.0006176155475235118
3.039,0.061468363597739724,-0.009265966069163148,-0.0006182842410542213
3.04,0.061595526075828855,-0.009586303562242444,-0.0006199041719724082
3.041,0.061811331158063136,-0.010003370041344224,-0.0006226120785005609
3.042,0.06199685381843935,-0.010405531460206195,-0.0006249814876518068
3.043,0.06222532867121847,-0.010770678216174313,-0.0006311445622855447
3.044,0.06252723400869468,-0.011157295832183542,-0.0006389145756476988
3.045,0.06279383703243384,-0.011402120326459667,-0.0006487021652592569
3.046,0.0632632150881258,-0.011614390453302703,-0.0006607920823905065
3.047,0.06368532501675096,-0.011855310339704918,-0.0006782246425009726
3.048,0.06417262891798392,-0.012072739219879405,-0.0007020464744117547
3.049,0.06471975607248562,-0.012230537084751837,-0.000734227784774923
3.05,0.06519642596371963,-0.012358429100716217,-0.0007695680066390867
3.051,0.065625447843707,-0.012459208322077545,-0.0008075512505564455
3.052,0.06602916414533608,-0.01242215863608067,-0.000848605283765388
3.053,0.06639292489311431,-0.012164206662311945,-0.000895022251594651
3.054,0.06682198275194848,-0.011885784447984313,-0.0009458676934344475
3.055,0.06731728063147935,-0.011467139562508943,-0.0009967609754940967
3.056,0.06789365580316037,-0.010941552674042815,-0.0010462095105680546
3.057,0.06856209708607579,-0.010409350082705104,-0.0010969618398237934
3.058,0.06917344683251987,-0.009826067035437314,-0.0011428131051220308
3.059,0.06971713404787569,-0.009188534707144702,-0.0011880572069150643
3.06,0.07029924120639484,-0.008511848004374656,-0.0012331533663895889
3.061,0.07071157866274995,-0.007817857832129141,-0.0012757433960685002
3.062,0.07110685290967565,-0.006933985915336463,-0.0013156487065751766
3.063,0.07136211281775172,-0.005943018860353158,-0.0013529577821196222
3.064,0.07167686966000654,-0.004808848282130226,-0.0013890319771166547
3.065,0.07190317070377741,-0.003464124970128407,-0.0014126081428034105
3.066,0.07214059074850178,-0.001958373874575703,-0.0014390214441205294
3.067,0.07243307358847116,-0.00047952650198174185,-0.001464726545964308
3.068,0.07261438207072472,0.0009604503916537666,-0.0014840482504713788
3.069,0.07269464665627061,0.002532781732206127,-0.001496551900920958
3.07,0.07260868427595739,0.00407050669232592,-0.0015038411404334202
3.071,0.07235165234248606,0.00570481231334824,-0.0015093918563387548
3.072,0.07189883578425682,0.007441913687065316,-0.0015110725379736
3.073,0.07128817219085341,0.009186601989645701,-0.001512410634321331
3.074,0.07062741720834162,0.01110060075771202,-0.0015083951387303077
3.075,0.07003920685240175,0.013182133505027463,-0.0015031009525100052
3.076,0.06957058556823056,0.015383216208396056,-0.0014952581378489004
3.077,0.06923851217899812,0.017627614677174636,-0.0014953706015901382
3.078,0.06903014572473827,0.019865013146482965,-0.0014951460945328689
3.079,0.068841742263413,0.021889947134966323,-0.0014973878977493753
3.08,0.06860095714916951,0.02406339710593161,-0.0014957896502609262
3.081,0.06831105867414582,0.02598748981601655,-0.0014975332861841331
3.082,0.06782079740996587,0.027824277583333418,-0.0015029191910977406
3.083,0.06709847260910923,0.02955666113208681,-0.0015034276163672627
3.084,0.06637880649824765,0.031167240134239257,-0.0015068843733901617
3.085,0.0656197910184078,0.03257374558068543,-0.0015091777638661212
3.086,0.06483234209991556,0.033747602301092056,-0.0015028249397412916
3.087,0.06421067129660646,0.03489511215587186,-0.0014906724587009773
3.088,0.06368435936360413,0.03581142705634646,-0.001471662353346361
3.089,0.06334916798608603,0.03653248447988108,-0.0014505365306554194
3.09,0.0632045402194433,0.03710146536248188,-0.0014253942337975516
3.091,0.06308935787866318,0.03753567547624333,-0.0013969155186569604
3.092,0.0630113161577112,0.03781837774750611,-0.0013673963055095201
3.093,0.06297257581402305,0.0379268942021372,-0.0013382530467248971
3.094,0.06304793027780795,0.03790501005471805,-0.0013049803063788403
3.095,0.06326133058770346,0.03767843188297837,-0.0012772855936290098
3.096,0.0635984096121571,0.037235261767429056,-0.001247399269545385
3.097,0.0641217950129601,0.03654572846889244,-0.0012182047080131898
3.098,0.06490757590498025,0.03557927643196766,-0.0011934683389354802
3.099,0.06593920896120856,0.03438801830068143,-0.0011611226905226901
3.1,0.06697173273843565,0.033029116158744654,-0.0011302257874842233
3.101,0.06803063987268249,0.03146616425083763,-0.0010924484266938198
3.102,0.06898708267029299,0.029454107067975008,-0.0010617239342312667
3.103,0.06974542722467844,0.027461472452803934,-0.0010213719402516466
3.104,0.07024225810513988,0.025203143719296134,-0.0009820641411211616
3.105,0.07059999276981074,0.022804406312776193,-0.0009388816525983936
3.106,0.07087812431918705,0.020218261806915938,-0.0008896757213495532
3.107,0.07105854879754335,0.017542988027473366,-0.0008363728733705655
3.108,0.0713212893990235,0.014647310049739792,-0.0007760576229893175
3.109,0.07150022417049248,0.011641788584664109,-0.0007217227761163786
3.11,0.07165155080013899,0.008592979343260393,-0.0006684659393264034
3.111,0.0716260253503232,0.005466407831463516,-0.0006089988061790487
3.112,0.07140794460705266,0.0024510566957584717,-0.0005477319632235129
3.113,0.07107794836696149,-0.00048491448802570614,-0.00048273611183215605
3.114,0.07048020282393438,-0.0032737136483412116,-0.00042649304195694943
3.115,0.0696983610253595,-0.005797323893070999,-0.0003797934248021812
3.116,0.06881524753714617,-0.008135274319068658,-0.00034193181587562017
3.117,0.06797525497039045,-0.010271534533383142,-0.00031068933057074337
3.118,0.0672481827721975,-0.012083807799832397,-0.00028430275633602815
3.119,0.06662679609571798,-0.01350965321177855,-0.0002709258050199259
3.12,0.06599934212765601,-0.014649734370131229,-0.0002620937950995417
3.121,0.06526554559872819,-0.01554992379176133,-0.0002669680454069163
3.122,0.06444188236488926,-0.01602320494934724,-0.0002772959354407392
3.123,0.06340689967584293,-0.016223822342337726,-0.00029230428151046464
3.124,0.06218107301004485,-0.016098228496052025,-0.00031693126754884127
3.125,0.06082955715137008,-0.01576129288988283,-0.00034289500638648137
3.126,0.059382280124792367,-0.015186164607435867,-0.0003738295845970422
3.127,0.05796447749176413,-0.014630395634101623,-0.00040940987939910595
3.128,0.056747711183455105,-0.013994143177111812,-0.000446463293364077
3.129,0.05570723902769169,-0.013441584955761587,-0.0004845964027371723
3.13,0.05469738028846831,-0.012758203940309312,-0.0005153100946212893
3.131,0.05395198241398906,-0.012213347431473343,-0.0005462724172707518
3.132,0.053229948473628115,-0.011684277664562107,-0.0005714597104981814
3.133,0.05242776270523722,-0.011119643694814774,-0.0005919841801776594
3.134,0.051576325626509656,-0.010532888918539998,-0.0006048212113025999
3.135,0.05076492846902251,-0.010056660117809132,-0.0006211212413149256
3.136,0.04994913596280896,-0.009569254700580135,-0.0006285536158736724
3.137,0.04925478668506253,-0.00912337898979855,-0.0006406747281199064
3.138,0.04869840244263854,-0.008776930342349637,-0.0006513888656852663
3.139,0.04823804701784093,-0.00842563168059951,-0.0006567052510810497
3.14,0.04792293907215561,-0.008123348294257135,-0.0006583340725424951
3.141,0.0476968544350552,-0.007771669020034899,-0.0006620914596793774
3.142,0.047412615988228296,-0.007523167202657624,-0.0006674409354379542
3.143,0.0469755422031267,-0.007271577392321343,-0.0006746573527933008
3.144,0.04641833668781559,-0.007025312280421636,-0.0006854046169650043
3.145,0.04581051288348414,-0.00668328291712432,-0.0006921410428420893
3.146,0.045280659977150514,-0.006310870773010707,-0.0006985323032536056
3.147,0.04474746783776612,-0.005966496933868956,-0.0007062342392288662
3.148,0.044334611630899856,-0.005548573535892845,-0.0007131081912632549
3.149,0.04399271573847745,-0.005157453920648272,-0.0007239094945706919
3.15,0.043762627656658774,-0.004785784838646806,-0.000732255134147695
3.151,0.043537314483211104,-0.004346599707908502,-0.0007382495639105543
3.152,0.04330556383710665,-0.0038278824250006227,-0.0007438226623837376
3.153,0.04301288731619124,-0.003279836726109611,-0.000751696664621168
3.154,0.04265874730636305,-0.002692679973209419,-0.0007580710174157694
3.155,0.04225284610846496,-0.0021309174901494032,-0.0007644661740091038
3.156,0.04192198941193276,-0.0015630668113593565,-0.0007683883062106949
3.157,0.04167955966746173,-0.0008802897403508286,-0.0007749766590568999
3.158,0.04150188800540186,-0.000227962057754591,-0.0007773933790909245
3.159,0.04137442114363584,0.00038930127113061264,-0.0007827969302287875
3.16,0.04130364967333863,0.0010377396095786612,-0.0007848398705130983
3.161,0.04114095230103334,0.0017549032179166452,-0.0007840564842627187
3.162,0.040947408087415864,0.0024246917002757745,-0.0007865805758189513
3.163,0.04078084275028654,0.0028919104489763953,-0.0007914400750007457
3.164,0.04047097048137235,0.003332374335771479,-0.0007968251600489652
3.165,0.04019600298384683,0.003706674110620742,-0.0008002081512957532
3.166,0.03997485887185623,0.004103538737277243,-0.0008031257572156554
3.167,0.039846539769952366,0.004420114215410165,-0.0008088062272110434
3.168,0.03979847986964463,0.004722237491520537,-0.0008145708909772663
3.169,0.03982801197372727,0.005010615965645615,-0.000817511457187232
3.17,0.03984413675411041,0.005322990690355467,-0.0008207418449591665
3.171,0.03975490002288701,0.005639563552382765,-0.0008235144041847626
3.172,0.03958602628784426,0.005865939564263317,-0.0008278740323001296
3.173,0.039150174392104775,0.006074696356352688,-0.0008263402233097304
3.174,0.03859750570173253,0.006336033711984643,-0.0008256738312445605
3.175,0.03799815634306899,0.006495567364204702,-0.000824160427373824
3.176,0.037479301615281985,0.006609309013457659,-0.000821992338105151
3.177,0.03710564553962785,0.006720597392098515,-0.0008173359477876447
3.178,0.0369187244912033,0.006737021500277676,-0.0008111508044552152
3.179,0.03690039236005728,0.006804761494195094,-0.0008018389299089996
3.18,0.03703110994356708,0.006867696918864977,-0.0007930169413306902
3.181,0.03714983586787222,0.006829833139031127,-0.0007854904060243669
3.182,0.0372048138870614,0.006873181756863925,-0.0007737065400276313
3.183,0.0370837516589784,0.006830383999942263,-0.0007603764335022305
3.184,0.03686476163096129,0.006803077151575118,-0.0007464908583019424
3.185,0.03656784947998008,0.006700119331184806,-0.000734997103815591
3.186,0.036173593211822314,0.006548690273840793,-0.0007219702652098767
3.187,0.035839414428146595,0.0063113589134044246,-0.000709675111427899
3.188,0.03563729451003137,0.006067274816206128,-0.0006974690986615753
3.189,0.03551832019444009,0.005846866588948729,-0.0006816397274129258
3.19,0.0355423507140272,0.005632264894133793,-0.0006670814537694536
3.191,0.03561641255237515,0.005372319989778732,-0.0006555878261355336
3.192,0.03571954162728832,0.0051284346231514205,-0.0006467853547098673
3.193,0.03576303566853419,0.004876897600745292,-0.0006350082843790953
3.194,0.035842235446538445,0.0046360160930289385,-0.0006213994105750233
3.195,0.03582187436906048,0.004377141321838682,-0.0006114984152160756
3.196,0.03579461825642075,0.004119809686888826,-0.0006055814560451902
3.197,0.03585275871279893,0.0038294069958334648,-0.0006013206097302542
3.198,0.036009829204128485,0.003626368801063068,-0.0005993848053850637
3.199,0.03624462165244588,0.0034274350516791258,-0.0005971687115320287
3.2,0.03654214850787874,0.0033938916741343694,-0.0005963630173755148
3.201,0.036904895601679755,0.003335687243687227,-0.0005986724927397614
3.202,0.037316385317774384,0.003299130811123742,-0.0006026291541731504
3.203,0.037717976198125086,0.003320267337672475,-0.0006090255780222717
3.204,0.03809072766694552,0.003385015703236169,-0.0006171002189447157
3.205,0.03844149907917181,0.0033825964365340744,-0.0006261149539934179
3.206,0.03873631502718932,0.003367407000410716,-0.000636405054869175
3.207,0.03900684937416626,0.0033629492107930745,-0.0006469263638724949
3.208,0.03923636241991765,0.003335042920360319,-0.0006587608622923109
3.209,0.039403945391270984,0.003346120317024852,-0.000667836077354581
3.21,0.039502307829332485,0.0033095110697625926,-0.000675917484125417
3.211,0.03954153947966572,0.003235512326690039,-0.0006828728231828684
3.212,0.0394832390225281,0.0031394393025617404,-0.0006865392552418433
3.213,0.03946933392731829,0.0029308366726189944,-0.0006901073192930186
3.214,0.03946635551036085,0.0027020706735820105,-0.0006913225492752738
3.215,0.03957081266822872,0.0023839175516071343,-0.000691911061196337
3.216,0.03971851725935553,0.001988776158644741,-0.0006918973453460647
3.217,0.03992706069995287,0.0015593497292389347,-0.0006925859348325242
3.218,0.04019732340607343,0.001126465395533044,-0.0006945893592797165
3.219,0.04046735480409562,0.0007618125403553513,-0.0006956232181927471
3.22,0.04057716825360078,0.00041048962300030065,-0.000700342741153132
3.221,0.040622930011136565,9.416311973617364e-05,-0.0007061210959210456
3.222,0.040586028097534005,-0.00012731691559072708,-0.0007135782085160732
3.223,0.04045298479919103,-0.0004415352287523641,-0.0007216698792831853
3.224,0.04034373356590261,-0.0006489824889835891,-0.0007313670960912423
3.225,0.04035767499087528,-0.0009015146012191846,-0.0007417078157987503
3.226,0.04055869222938353,-0.0012404065858631075,-0.0007533154957287798
3.227,0.04086263623622424,-0.0015376782218039786,-0.0007624515348646543
3.228,0.041240346759770743,-0.0018041219100941603,-0.0007717963290665326
3.229,0.04167369729037843,-0.002071546762353953,-0.0007791431577706254
3.23,0.04203533608916462,-0.002235387245551469,-0.0007835501835901973
3.231,0.04225947711968127,-0.0024230006550026574,-0.0007862380508918397
3.232,0.042406118378014314,-0.002610808769549209,-0.000788813213911042
3.233,0.042450731026323726,-0.0027336931159847467,-0.0007889153633173318
3.234,0.04245559744341545,-0.0029202732412919076,-0.0007879237835947811
3.235,0.04252720812139038,-0.0031596025775849565,-0.0007864053016400014
3.236,0.04267797833556254,-0.0034700818712813525,-0.0007814638313231909
3.237,0.042929405832746445,-0.003689305803357832,-0.0007764289791327328
3.238,0.04326314867831678,-0.0038745967479943758,-0.0007723433058772272
3.239,0.04359740012493469,-0.004007453390079166,-0.0007675997101853182
3.24,0.04387617416228833,-0.004056544995334223,-0.0007643736134143333
3.241,0.044094998216683924,-0.0041094908491752305,-0.0007635027607453668
3.242,0.04407153811714651,-0.004190073034641095,-0.0007653795042657464
3.243,0.04393230036014566,-0.004187478154108349,-0.0007667474819721918
3.244,0.043723499905691646,-0.004072960865894875,-0.000768146291162065
3.245,0.04341693045678614,-0.004014132079719481,-0.0007747742413571348
3.246,0.04311311713383295,-0.003866595099933743,-0.0007789911550326343
3.247,0.04293434209449932,-0.003715339353380173,-0.0007858136164147555
3.248,0.042834697707096185,-0.003538846081245291,-0.0007945167611181891
3.249,0.04279092042688182,-0.003364026666812699,-0.0008053134256134303
3.25,0.04275689554132808,-0.0031897287726331443,-0.0008159324249426188
3.251,0.042761353576578155,-0.003031972782173615,-0.0008273799362812282
3.252,0.0426783652214261,-0.002854808104078954,-0.0008380925961969778
3.253,0.042519639712029336,-0.0026888049333419796,-0.0008472030156721748
3.254,0.042369346668247876,-0.002558523337027817,-0.000854272822605175
3.255,0.04223077099530931,-0.002515397730368494,-0.0008599078524105917
3.256,0.042188914918848616,-0.0024824531445028445,-0.0008617837677476915
3.257,0.042242282539839596,-0.0024935104188513538,-0.000863261168542594
3.258,0.04236907088281108,-0.0023573932140300916,-0.0008633401051862367
3.259,0.04250380258600543,-0.0021820742880949116,-0.0008590082073747876
3.26,0.042725529427223366,-0.001992368479723658,-0.0008546163369957398
3.261,0.04286191225939065,-0.0017967130036267778,-0.00085049354236961
3.262,0.04291317629178251,-0.0015716032383223041,-0.0008478393364624171
3.263,0.04290941691567267,-0.001334334735529595,-0.0008453522821917699
3.264,0.04292542485741793,-0.0011370291832842883,-0.0008432172434179805
3.265,0.04301592467828763,-0.0009071019404431769,-0.0008432178196904545
3.266,0.04319682990105997,-0.0006696574663310369,-0.0008451456245038647
3.267,0.043541937540355714,-0.0004193913240480851,-0.0008476946177722573
3.268,0.044038714330588286,-0.00012089981651011716,-0.0008503070778671995
3.269,0.044696542389951584,0.00019896210744095415,-0.0008545899417230522
3.27,0.04542653321152839,0.0005459637930588027,-0.0008582437417081873
3.271,0.0461375158138258,0.000980173567978783,-0.0008610941712921325
3.272,0.04691026249556129,0.0014896483381599684,-0.0008616704343424285
3.273,0.04768096528837497,0.00200770946761537,-0.0008618165389860091
3.274,0.04838179498701449,0.0024533510060915295,-0.0008641550248851544
3.275,0.04906288223981378,0.002837853049529746,-0.0008668804481755976
3.276,0.04979698142864973,0.003201032582320731,-0.0008698037470513958
3.277,0.05061653359444099,0.003550080540666597,-0.0008745982450539943
3.278,0.05147811782135675,0.003931576878419864,-0.0008791505132649283
3.279,0.052382814353486976,0.0042829195824591,-0.000885930278275164
3.28,0.0532708001653548,0.004624055221360616,-0.000896464410790764
3.281,0.05404147761903456,0.004942968430846385,-0.0009098159637130714
3.282,0.0547314681308303,0.005323145034729675,-0.0009265229734746467
3.283,0.055265626255475285,0.005705075303255102,-0.0009412130705337664
3.284,0.05566839736369096,0.005957960054780935,-0.000962249562292846
3.285,0.05610275819188583,0.006224169339712992,-0.0009854514924672226
3.286,0.05652759541612217,0.006383259160887646,-0.0010101853060120927
3.287,0.05693868993028821,0.006479233793606027,-0.00103947846232799
3.288,0.057401442892194225,0.006556608878786514,-0.0010696168505286245
3.289,0.05784748168040852,0.006531441706891031,-0.0010998837043610502
3.29,0.058297660518048446,0.0063566188724886175,-0.0011279855040323135
3.291,0.05872074305504111,0.0060454581069251355,-0.001158234974478719
3.292,0.0589868474198324,0.00560921748571758,-0.0011876538787036752
3.293,0.05910090618299754,0.00511043354187575,-0.001215706667053442
3.294,0.05923420971638018,0.004492687703663491,-0.0012433396236904892
3.295,0.059444397116169,0.0038331505501492677,-0.001267756957489978
3.296,0.0596047722703421,0.00304066574958464,-0.0012878911038693049
3.297,0.05985953237232226,0.0022586471290473066,-0.0013027640257265106
3.298,0.06018130048173451,0.0012648481404227974,-0.0013124887499913816
3.299,0.06058168306936356,0.00017318505366697642,-0.0013194340068647093
3.3,0.06107471227680179,-0.0010170185726253826,-0.0013238621621132047
3.301,0.061603578057610686,-0.0023789821653609697,-0.0013270611821783612
3.302,0.061994263919135276,-0.003825227733614024,-0.0013215515251431193
3.303,0.0621681567553925,-0.005303168328478124,-0.0013173794313129593
3.304,0.06217120946074027,-0.006811233742510404,-0.0013092001702975416
3.305,0.06198955176776138,-0.008413618865715152,-0.0012937058928119704
3.306,0.061811764834283814,-0.009808236091539751,-0.0012719932679230133
3.307,0.0618098900772316,-0.011150963371195836,-0.0012519775749426758
3.308,0.06192774138723324,-0.012295678799424645,-0.0012270711112520151
3.309,0.062124746304165694,-0.013365598376144565,-0.0011986770424554849
3.31,0.062488924148699526,-0.014156872071397892,-0.0011709588519663993
3.311,0.06288448389257725,-0.014772978988043675,-0.001143718681702501
3.312,0.06326829701851654,-0.01503226706160386,-0.0011202646510976117
3.313,0.06349476151032594,-0.015240036933515368,-0.0011028662612628066
3.314,0.06349559254065024,-0.015496881966071106,-0.0010886604028825678
3.315,0.06329628003720628,-0.015541264709490564,-0.001076149156527525
3.316,0.0631306599832811,-0.015410289191254709,-0.0010665875854743215
3.317,0.06290791663980631,-0.01507377022601969,-0.0010671935145060288
3.318,0.06280239557430191,-0.014656398955894186,-0.0010596233568594391
3.319,0.06291999087867066,-0.014067548455889048,-0.0010524894327818399
3.32,0.06324593192565106,-0.013423459725449435,-0.0010474142073405594
3.321,0.0637078905279443,-0.012851260013688772,-0.0010496563685889906
3.322,0.06428421955188537,-0.012350948711880744,-0.001050071279134125
3.323,0.06480788790318853,-0.011787820644176945,-0.0010484731010520748
3.324,0.06530402772367207,-0.011373805105107096,-0.001040707577939796
3.325,0.06573428050871158,-0.011110715190123865,-0.001035601391734339
3.326,0.06610830828223624,-0.010703833994626712,-0.0010292483606588268
3.327,0.06654704840552556,-0.010212025750892691,-0.0010202081083374801
3.328,0.06706894429786385,-0.009598619618175267,-0.0010136102422838
3.329,0.06766381642097657,-0.008727358480279893,-0.0010137909000799254
3.33,0.06827420696416474,-0.007656264111261822,-0.0010179970276925315
3.331,0.06884422295130309,-0.0065121538045170985,-0.001024506023107457
3.332,0.06937724623143059,-0.005145079459607377,-0.0010384469954350006
3.333,0.06973394548180761,-0.0037998185490406115,-0.0010627228010823176
3.334,0.06983401709992125,-0.002405759375133926,-0.0010844779078779219
3.335,0.06969270575932048,-0.0009545929412042402,-0.001110772537295817
3.336,0.06930453472504154,0.0005384355184873731,-0.0011411640831176647
3.337,0.06867951719305507,0.001965077782623729,-0.0011714925246753332
3.338,0.06802049850494546,0.003405855042756263,-0.0012012002066479682
3.339,0.06738210147127914,0.004699172949763523,-0.001231637415684485
3.34,0.066881595802803,0.005959462331273441,-0.0012609622205946869
3.341,0.06647084868667541,0.007129212926795941,-0.0012796229602185204
3.342,0.06617059157368534,0.008314723041354579,-0.001291607550978705
3.343,0.06594491452138479,0.009434353868307977,-0.0012982031660722366
3.344,0.06569459043812356,0.010258297866900822,-0.0013038880507678196
3.345,0.06539935535894355,0.010988477008442587,-0.0012998561607685732
3.346,0.06490762223015356,0.011644231391379548,-0.0012797365257637347
3.347,0.06431441875698371,0.012302390175059581,-0.0012540943495034256
3.348,0.06378351564043264,0.013007807869335192,-0.0012370197678239336
3.349,0.06325237907593065,0.013622926044184837,-0.0012148656638851206
3.35,0.06308862427626775,0.014219653810884393,-0.001195688574672607
3.351,0.06308471901616858,0.014834752716736802,-0.0011695843939129162
3.352,0.06327871106512345,0.015436658789265447,-0.0011512032218253777
3.353,0.06370183584204137,0.015967181174561668,-0.0011300500301787285
3.354,0.06426493324191991,0.016456051993944686,-0.0011131153229487485
3.355,0.06494373415654867,0.016925761799893864,-0.0010980320958525833
3.356,0.06556491386298406,0.017343524051472225,-0.0010851047350322243
3.357,0.06619779612471881,0.017803418708317285,-0.0010769042873955581
3.358,0.06669612575558928,0.018039100002371928,-0.0010678825828024532
3.359,0.06709968329202493,0.018284853021180374,-0.001066255880501483
3.36,0.06742934583815911,0.01831758002642607,-0.001065476969604878
3.361,0.06775326077016244,0.01835194687878426,-0.0010652212127229836
3.362,0.06807813376031399,0.018300271667641616,-0.0010630649220895508
3.363,0.06838702738600166,0.018170887824415033,-0.0010575945869521822
3.364,0.06869121741846732,0.017829948737822458,-0.001051688620631775
3.365,0.06897666737359445,0.017280505407151196,-0.0010494326007008587
3.366,0.0691825586187304,0.01658973903024605,-0.0010422528248515105
3.367,0.06928937660129017,0.01575257480902916,-0.0010341023279873257
3.368,0.06935804281339153,0.014899322714852961,-0.0010214082127982796
3.369,0.06929879973979722,0.014054646862281629,-0.0010061263438918301
3.37,0.0692203835289439,0.013066744032862863,-0.000988279275992697
3.371,0.06924136002822981,0.01202982942066574,-0.000972747605654176
3.372,0.06928440870444756,0.010968957187950525,-0.0009568842597000677
3.373,0.06937153451058695,0.009915678887376062,-0.0009439009677218388
3.374,0.0694136731218586,0.008864646422726254,-0.0009257910434632763
3.375,0.0695106574522431,0.007969990068395622,-0.0009108948059479786
3.376,0.06955851810156238,0.007103268089109672,-0.000894020801303217
3.377,0.06951374601699431,0.006194847646074034,-0.0008789993060728985
3.378,0.06924790549384656,0.005391504402648937,-0.0008603194410892157
3.379,0.06903131951166075,0.0045652295743135035,-0.0008526621752915495
3.38,0.06861689505495461,0.00366146511486249,-0.0008433196575471581
3.381,0.06814959231444467,0.0028771577387894168,-0.000836689024060731
3.382,0.06776142570923624,0.0019458924964673302,-0.0008363001901893412
3.383,0.06741903581196118,0.0011297286011748078,-0.0008412430390296434
3.384,0.06717803541582335,0.00018076961184367718,-0.0008531010962292949
3.385,0.06689005324928762,-0.0007764168181028305,-0.0008675626496780489
3.386,0.0665949120961056,-0.001440082684396722,-0.000885357990780052
3.387,0.06632714164180882,-0.002282647115880807,-0.0009063378425661202
3.388,0.0658961581354679,-0.003207972578264929,-0.0009253832310184148
3.389,0.0654126713133747,-0.003952249830664001,-0.0009452403119350472
3.39,0.06502085972922023,-0.004814856301740181,-0.0009622342609901347
3.391,0.0646179451153986,-0.005594173134465863,-0.0009763460604671773
3.392,0.06421597443878285,-0.006301715743318094,-0.0009907758887027604
3.393,0.06391476650156644,-0.006965162292778576,-0.0010001809618027386
3.394,0.06366863544521582,-0.00751971447355218,-0.0009981650718933139
3.395,0.06353531178127492,-0.007898935804177526,-0.0009954130141952284
3.396,0.06350426634530837,-0.008130612219800215,-0.0009922242289466634
3.397,0.0634081239726976,-0.008265901710239242,-0.000984622787279658
3.398,0.0633477332486922,-0.00823937867399661,-0.0009754113472398367
3.399,0.06337922900964138,-0.008057225995455143,-0.0009579335648899951
3.4,0.0633219929067094,-0.007795248577488086,-0.0009455888118073811
3.401,0.06324324685556894,-0.007476313460383077,-0.0009390902338765508
3.402,0.06308461190575126,-0.007083261245931324,-0.0009374262333364242
3.403,0.06291080295804749,-0.00670722546256685,-0.0009406547154405269
3.404,0.06282197472036288,-0.006351570324617563,-0.0009441443154458535
3.405,0.06266227542335136,-0.005884019390850981,-0.000955746630242912
3.406,0.06265968534635911,-0.005491233230187714,-0.0009731126811524831
3.407,0.06267827072727798,-0.005013684290412969,-0.0009955164701453232
3.408,0.0627631742547229,-0.004549128588065152,-0.00101610379132645
3.409,0.06279298414496591,-0.0041608270023224606,-0.001036733378976572
3.41,0.06283185396532258,-0.0038665225584772686,-0.0010597553019265798
3.411,0.06278713231313435,-0.0036288517650882035,-0.0010796585158105564
3.412,0.06273483066257751,-0.0036307880476447313,-0.0011018697712638719
3.413,0.06259244254050864,-0.0037296127515478172,-0.0011244960806236905
3.414,0.06254193521016252,-0.003990952272083521,-0.001141767683555536
3.415,0.062482771264143776,-0.004363516118176702,-0.0011546951144346803
3.416,0.06243973170125405,-0.00488339082683676,-0.0011695234289968552
3.417,0.06252638930843828,-0.005482948091268758,-0.0011759689470927216
3.418,0.06259638313105709,-0.006093927374951277,-0.0011774700412035242
3.419,0.06266323327355333,-0.006855467588244943,-0.001176636380072699
3.42,0.06277547571020739,-0.007598319188361499,-0.0011783044282926906
3.421,0.0628781204685384,-0.008247060194267651,-0.001178595505693729
3.422,0.06295815224813184,-0.008754700594907096,-0.0011772864773994143
3.423,0.06295950100873078,-0.009214907503770176,-0.0011719511474991054
3.424,0.06288118975243935,-0.00963825236346054,-0.0011685307790022166
3.425,0.06261620829139444,-0.009937569395508349,-0.001169570822514928
3.426,0.06228942074742848,-0.010064171517610417,-0.0011747641356818633
3.427,0.06200630473752573,-0.010117638081847083,-0.0011784410530728618
3.428,0.06170596129215488,-0.00991311177451936,-0.0011828263749669708
3.429,0.06140584433443611,-0.009574262484295291,-0.0011902765085036642
3.43,0.06126186955181091,-0.009130549575280256,-0.0011987175958367686
3.431,0.06120996231306314,-0.008635877827201849,-0.0012094657173496893
3.432,0.06124759408429417,-0.008095164941919572,-0.0012173639335416409
3.433,0.06140528767607271,-0.007470124969819667,-0.001228259930195647
3.434,0.061562539111813364,-0.006803165614554886,-0.0012363738759814942
3.435,0.06165992228163901,-0.006120075426763922,-0.001241999368133159
3.436,0.06169218555613057,-0.005403032945652253,-0.0012502196521375513
3.437,0.061646455282381094,-0.004749759442488226,-0.0012573592643325372
3.438,0.06159871370234228,-0.003922071135228231,-0.001270485409907749
3.439,0.06165642328764736,-0.0031387781612888313,-0.0012763218744696737
3.44,0.06180362874997475,-0.002378964443938293,-0.0012791351917801263
3.441,0.062076488855767775,-0.0015862671655015453,-0.0012824880394461
3.442,0.062417144640713594,-0.0008124948475510957,-0.0012870831568498543
3.443,0.06281259064585507,-6.656871210582171e-05,-0.001289043370321093
3.444,0.06325873824365408,0.0006350996749417623,-0.0012927271512622256
3.445,0.06364665431057726,0.0012089271715030013,-0.0012933954790954982
3.446,0.06400077505695187,0.0017783699667813999,-0.0012960621274140248
3.447,0.06428874636774251,0.0021592665180455092,-0.001296216155260464
3.448,0.06461753667675865,0.0023917768834176845,-0.0012977785096722613
3.449,0.064892723018152,0.0025085980853817476,-0.0012972774142986554
3.45,0.06520559959443467,0.002491749993556624,-0.0012950704212014766
3.451,0.06561456491932188,0.0023070675974357358,-0.001290203839304791
3.452,0.06599863047784936,0.0019078129010020803,-0.0012851464575788809
3.453,0.06641780962137628,0.0013788156670691103,-0.0012786641696748403
3.454,0.0667866572775759,0.000772462946001605,-0.0012706359656219218
3.455,0.06713315310284665,0.00020134510092975622,-0.0012629454137462822
3.456,0.06733485290048884,-0.0004587956925413243,-0.0012582604834439114
3.457,0.06736309199361026,-0.0010894799159634344,-0.00125028629315624
3.458,0.0673535328124991,-0.0017989856762795214,-0.0012411515674866822
3.459,0.06738336268713846,-0.0025447755588646342,-0.0012333443601218234
3.46,0.06749525448141812,-0.003299061056360457,-0.0012265141946472351
3.461,0.06771431502804151,-0.004061378528814011,-0.001218972335385992
3.462,0.06799887509179743,-0.004736089324453546,-0.001215456142381281
3.463,0.06838311971654379,-0.00542918768621569,-0.001214064166369445
3.464,0.06874982127656017,-0.005994137199672473,-0.0012124117742765225
3.465,0.06903699985752529,-0.006532140932837499,-0.0012136363629781143
3.466,0.06913739362046793,-0.006980502104168456,-0.001215033269943292
3.467,0.06912561717638441,-0.007295971483349846,-0.0012121079277285294
3.468,0.06898965478018759,-0.007536566816763745,-0.0012094089778881144
3.469,0.06884309828623127,-0.007715086220180932,-0.0012031889653593693
3.47,0.06869454659755407,-0.007860289549839208,-0.0011948641560388927
3.471,0.06858855737384881,-0.008031169990995665,-0.0011861238491908386
3.472,0.06855664957605609,-0.008090388648817587,-0.0011723856406346041
3.473,0.06878195183652414,-0.00815419632019574,-0.001159437284178393
3.474,0.06909859579899766,-0.008162750319301262,-0.0011460120775269168
3.475,0.0694636381672841,-0.008024426826709397,-0.001134964671387505
3.476,0.0698703484618978,-0.007749023035939991,-0.0011211166579169957
3.477,0.07031139499083089,-0.007415736040275702,-0.0011072269524015437
3.478,0.07066557779807055,-0.006998345453622823,-0.0010946828525353186
3.479,0.07105046236159747,-0.006481107687928686,-0.0010861872117704813
3.48,0.07150266712116946,-0.005871702772791736,-0.0010798872851095018
3.481,0.07194905592483275,-0.005195318594594961,-0.001076101747605937
3.482,0.07232126618573223,-0.004517019389970702,-0.001079882149398212
3.483,0.07268908201756866,-0.003814795817041399,-0.0010860209299791788
3.484,0.07301220514158535,-0.0031005472622801476,-0.0010964988864392313
3.485,0.07324826341962372,-0.0023547314437853614,-0.0011044096508736868
3.486,0.07337303578050242,-0.0016373397673546466,-0.0011169104828253388
3.487,0.07336947179579789,-0.0010566926228412557,-0.0011297698526634293
3.488,0.07333902616499124,-0.0005168230265093082,-0.001141773274485823
3.489,0.07336379848720581,-3.598276148569085e-05,-0.0011530962388454627
3.49,0.07334344699856218,0.00042597419188015323,-0.0011644267186680032
3.491,0.07336386646522844,0.0006806562992423375,-0.0011739045045964219
3.492,0.0734044275560834,0.0007627941076782142,-0.0011840946183924333
3.493,0.07334821736362827,0.0007876628376311048,-0.0011885910778580949
3.494,0.07322218255233522,0.0007320113046970812,-0.0011934700765237997
3.495,0.07293967113434346,0.000531388369779208,-0.0011979372959060282
3.496,0.07255873112963106,0.00020815604642459434,-0.0012006623904674567
3.497,0.07207357145030308,-0.00020592485266713104,-0.001205339316308924
3.498,0.0716175130510543,-0.0007529423062149418,-0.001210155312391734
3.499,0.07126942395718078,-0.0013475837474824712,-0.0012140801959863142
3.5,0.07115158651426533,-0.002020136294660732,-0.001214905681115505
3.501,0.07126201446474334,-0.002850599988376945,-0.0012192226697794848
3.502,0.07148071553741053,-0.003749874783659169,-0.0012220113573856305
3.503,0.07183448719550929,-0.0046582280328882905,-0.0012232743353478967
3.504,0.07222946791490022,-0.00559060097033583,-0.0012257494499052731
3.505,0.07249292521998153,-0.006538639948520447,-0.0012282125321471046
3.506,0.0726101789417,-0.007537875589580776,-0.0012279173743020293
3.507,0.0726057802532995,-0.008657648651354106,-0.0012278728068386602
3.508,0.07248790384308133,-0.009755803347821338,-0.0012298312434697702
3.509,0.07249196069640351,-0.010768834017024512,-0.0012327947491297577
3.51,0.0726761715675453,-0.011889456952572468,-0.0012343168623259906
3.511,0.073199349986755,-0.013105293136020876,-0.0012375351900560608
3.512,0.07396362915620933,-0.014287027282246473,-0.001243143471957151
3.513,0.07503633501942888,-0.015316376217525924,-0.0012434474831414743
3.514,0.0762955207300011,-0.01620217766380748,-0.0012411679227880786
3.515,0.07758310035172296,-0.016931546409384123,-0.0012371748153464078
3.516,0.0787804479400001,-0.017475989091084984,-0.0012306122963602712
3.517,0.07993940931898183,-0.017976031110564384,-0.0012241543275170533
3.518,0.0809811390550981,-0.018314837813714173,-0.0012150079303365076
3.519,0.08190128060531632,-0.018388715713778814,-0.0012068429411257004
3.52,0.08279532382025746,-0.018468777707496276,-0.0012015803774224612
3.521,0.08372301234966266,-0.01824638360061185,-0.0012040976919600365
3.522,0.0847818480457691,-0.018014205496182524,-0.001209760058301302
3.523,0.0859774906025906,-0.01771731651327615,-0.0012188454771556833
3.524,0.08721487825367374,-0.017205355956296377,-0.0012291883846689516
3.525,0.08845725818282257,-0.016421270809797207,-0.0012447210167663616
3.526,0.089576236109295,-0.015592502494028852,-0.001262383532137292
3.527,0.09052126025264971,-0.014692125348895286,-0.0012848266636868288
3.528,0.09125684272477644,-0.013704179077539768,-0.0013066304845343174
3.529,0.0916823466423458,-0.012744625458912681,-0.0013316471297822438
3.53,0.09210214840406604,-0.011849578244949711,-0.001355359414035482
3.531,0.09254172149539625,-0.010798517994760316,-0.0013830099524376296
3.532,0.09299766314969972,-0.00973600903411398,-0.0014083691168281882
3.533,0.09348987679571946,-0.008627780767705782,-0.0014338053608334042
3.534,0.09404879935131188,-0.00748070271468825,-0.0014594497150774723
3.535,0.09459225231327521,-0.006243611503799288,-0.0014856789574673205
3.536,0.09493636164535502,-0.004953182615510919,-0.0015100280234925368
3.537,0.09510726430689385,-0.0036068710445575514,-0.0015345780391724417
3.538,0.09505312578209907,-0.002292107845403915,-0.0015554784832211821
3.539,0.09483487242811017,-0.0009950509108710565,-0.0015730204936299542
3.54,0.09450383409268176,0.0002044623578537465,-0.0015838057588848328
3.541,0.09403517582601935,0.0013475797816963706,-0.0015902399569959233
3.542,0.09356689230556751,0.002491494990579794,-0.0015948340067733738
3.543,0.09307707654924503,0.0035783956913941865,-0.001597187243326937
3.544,0.0925975931874346,0.0045635815995693635,-0.0015934116523587552
3.545,0.09215407635169634,0.0055427994599023195,-0.0015856245186300372
3.546,0.09171473893390203,0.0064657205980955534,-0.0015849300338073105
3.547,0.09114353943456059,0.007303867032525583,-0.00157107157215442
3.548,0.0905603635918402,0.008154417027804938,-0.0015581729452038078
3.549,0.08989601245133985,0.008940176097391995,-0.0015381722408771524
3.55,0.08917770422345506,0.009705959948882358,-0.00151198024576803
3.551,0.0885829979720868,0.010347348062062084,-0.0014873929064422398
3.552,0.08804467078535044,0.010906392220933162,-0.0014557510281783242
3.553,0.087526554801959,0.011290986364769603,-0.0014204154353405982
3.554,0.08714900597961217,0.011607162644983657,-0.0013891189833870915
3.555,0.08672884941165128,0.011954359698462615,-0.0013558257346272487
3.556,0.08623006408853223,0.012322156290552846,-0.001315965918295318
3.557,0.08568779292046841,0.012610665113259225,-0.0012762446275366335
3.558,0.08508599509073736,0.013068609951111804,-0.0012381560850470126
3.559,0.08430767227565426,0.013436612912455608,-0.001207995542794124
3.56,0.08340330735645064,0.01376607478100298,-0.001178155282452661
3.561,0.08247605319181323,0.013992165285172064,-0.0011594580423102477
3.562,0.08148635609468996,0.014338727581149888,-0.0011374834507263485
3.563,0.08048887415977196,0.014629311472547639,-0.0011220679402464777
3.564,0.07964950054144704,0.014780441794174912,-0.0011167616570158891
3.565,0.07868922572926701,0.014846468221683534,-0.0011222945356572055
3.566,0.07771576866636072,0.014860504635254214,-0.001129748804583159
3.567,0.07686810867483246,0.01479970388195034,-0.001135717700401339
3.568,0.07595362810986608,0.014512930408143668,-0.0011465111577409252
3.569,0.07516114245564053,0.014186190561904118,-0.00115861445189598
3.57,0.07441189078168507,0.013788185032078813,-0.0011725684487606627
3.571,0.07356361314619207,0.013144050349302015,-0.0011902395661761787
3.572,0.07279936881938776,0.012454775749189455,-0.0012074019716356772
3.573,0.07211069343983087,0.011500567609017853,-0.0012247856037485723
3.574,0.07153687513533791,0.010472633816321894,-0.001235386547265125
3.575,0.07093242431411872,0.009276935624206485,-0.0012452859116642415
3.576,0.07038025655401237,0.007974534203827766,-0.001255332079845053
3.577,0.0698889099397706,0.006571429954061639,-0.0012654504085750627
3.578,0.06945349368149997,0.005328545534404941,-0.0012701420727481375
3.579,0.06910661287217883,0.004101418661939096,-0.001274418625749899
3.58,0.06883506813276452,0.0029332261578291705,-0.0012765041317299671
3.581,0.06874116182966782,0.0016654942014924165,-0.0012771019255521572
3.582,0.06876941246017547,0.0003774192205711138,-0.0012798946956319788
3.583,0.06884819869694347,-0.0007538026386596022,-0.0012795991340699793
3.584,0.06882726980851453,-0.0019502902730679783,-0.0012798123479989426
3.585,0.06872216066538142,-0.0031252049348881594,-0.0012846695955500784
3.586,0.06867692885148655,-0.004353581887264021,-0.0012886862710499323
3.587,0.06857011690410372,-0.0054557912214865875,-0.0012893992855516133
3.588,0.06821726341421963,-0.006500231020526749,-0.001291330428976041
3.589,0.06798525364322593,-0.007474666674210234,-0.0012907536702951724
3.59,0.06787421001329536,-0.008411971948961997,-0.001291334216064768
3.591,0.06787030539514757,-0.009170409927263895,-0.0012884319358503476
3.592,0.067985083284379,-0.009851908736342702,-0.0012916505576497262
3.593,0.06823404210507543,-0.01041146414693736,-0.0012909469292493848
3.594,0.0684741329141365,-0.010944340238586744,-0.0012923717471744643
3.595,0.06868578431443284,-0.011474464545004379,-0.001294492353584709
3.596,0.06893691897546309,-0.012045817036495599,-0.001301666273382174
3.597,0.06919277458915982,-0.012448028045271411,-0.0013033526247770418
3.598,0.0692817523941367,-0.012854797212833433,-0.0013035434873076104
3.599,0.06915993458558425,-0.013168244833187917,-0.0013041170036403337
3.6,0.06902600275082699,-0.013355377166204399,-0.0013006871233857105
3.601,0.06887409063918026,-0.013425193491094292,-0.001304505511917775
3.602,0.0686942834071111,-0.01340357986839591,-0.0013043450728950927
3.603,0.06858403342599047,-0.013208168979602697,-0.0013033169085689186
3.604,0.0685071648985305,-0.012983809007623123,-0.001302048637960783
3.605,0.06834059204920298,-0.01267838712800104,-0.0012967302772914256
3.606,0.06817719315386249,-0.012493349338897397,-0.0012916213499861474
3.607,0.06783870052484399,-0.012374179553339845,-0.0012841705999466382
3.608,0.067532168968828,-0.012176779422105433,-0.0012764116891079479
3.609,0.06712439482552708,-0.012002280234627086,-0.0012685675878007549
3.61,0.0667010207490534,-0.011721050544563322,-0.0012570957425414666
3.611,0.0662710415544988,-0.011441854935459128,-0.0012439580349107966
3.612,0.06587886101618018,-0.011011188003073283,-0.0012295290782601464
3.613,0.06560214099356367,-0.010589238690260613,-0.0012150176856509276
3.614,0.06545350350702725,-0.010071164729686721,-0.0012040516372787862
3.615,0.06546595004997063,-0.009559167241734612,-0.0011961655659386073
3.616,0.06553751297611932,-0.009030227602807778,-0.0011877319995049385
3.617,0.06565850712971072,-0.00862484529881144,-0.0011762387524283135
3.618,0.06576482935978235,-0.008330932399352509,-0.0011667517127962508
3.619,0.06580711982000458,-0.008047631253486953,-0.0011609788579873207
3.62,0.0658461332496274,-0.007759880426982141,-0.0011586729888564782
3.621,0.06586422551968012,-0.007536719232400929,-0.001158061143336766
3.622,0.06587935973941139,-0.007158479492673259,-0.0011570935311125867
3.623,0.06589089734191847,-0.006627585624347843,-0.0011569660987844571
3.624,0.06598066302917988,-0.006015411207530907,-0.0011627533422834517
3.625,0.06606108139928252,-0.005344976205873653,-0.0011694199449579917
3.626,0.0662343779491904,-0.004657521265049508,-0.0011722645201210154
3.627,0.06642814520932223,-0.003950807204903303,-0.0011785973196834782
3.628,0.06657041793532337,-0.0032967190096674787,-0.0011841211994133179
3.629,0.06664618967394272,-0.002632020797100648,-0.0011934359372001249
3.63,0.06664365896700129,-0.0019949295664546257,-0.0012080979036452968
3.631,0.0666072784393766,-0.001328452379226977,-0.0012188716074880387
3.632,0.06644229730014319,-0.0005156081608699015,-0.0012307242999896417
3.633,0.0661780196220802,0.00036012981838101643,-0.0012465614454801525
3.634,0.06591919586982913,0.0013569474652258273,-0.0012611087010838801
3.635,0.06569438981512876,0.002475474230492075,-0.0012729052523237428
3.636,0.06555103494544086,0.0036954031115032093,-0.0012811818298127948
3.637,0.06554491699708348,0.005113358174369614,-0.0012861207386165813
3.638,0.06561118478214234,0.00658371177066383,-0.00128807317875205
3.639,0.06571022605201589,0.008055104831469428,-0.0012905136383125028
3.64,0.06581925088094966,0.00956957939946615,-0.0012890002888070952
3.641,0.06588103045228867,0.011163636116285625,-0.0012850629705573042
3.642,0.06578091014180701,0.012783507979363118,-0.001278784500078992
3.643,0.06557822614704638,0.014558792415663102,-0.001269499445761112
3.644,0.0652244399651262,0.016381336738199054,-0.0012623493178620083
3.645,0.06471314780358814,0.01829889034159382,-0.0012508845763388758
3.646,0.06425372121841791,0.020277428318044494,-0.0012350938044728937
3.647,0.06387260618257033,0.02223350662050924,-0.0012212359012244085
3.648,0.06355951812296264,0.024145719949273753,-0.0012163392161584725
3.649,0.06339205696073201,0.026136520992643575,-0.0012108709702806477
3.65,0.06325376597777056,0.028179629576743803,-0.0012002280512945801
3.651,0.06313674986354481,0.03000302805546981,-0.0011930285234343745
3.652,0.06297994897976797,0.03182313038370159,-0.0011839422468763404
3.653,0.06263112899649331,0.03360581798227724,-0.001175225835764425
3.654,0.06202189471678276,0.03518247802251029,-0.0011683644239989638
3.655,0.06130078457069585,0.03667203775839033,-0.0011604499195923994
3.656,0.06040347132146889,0.03798364937525037,-0.0011485933127872057
3.657,0.05946131241999092,0.03909058077205746,-0.0011302413903332782
3.658,0.05852859295184164,0.04004906035409514,-0.0011112378088179856
3.659,0.0577817095331406,0.04080445329466473,-0.0011047783017984329
3.66,0.05732552808299243,0.04140402390873374,-0.0010905900385752875
3.661,0.05712606333377068,0.04179235596340558,-0.0010720003584215499
3.662,0.05716553498217733,0.04210423492342902,-0.0010396317859622485
3.663,0.05722241722345537,0.04224180717160203,-0.0010207224558034106
3.664,0.05702238147991825,0.04214115957576359,-0.0010017123504487931
3.665,0.056797024338829355,0.04206049195435484,-0.0009839716754959707
3.666,0.05643191860810423,0.041847461099701,-0.0009646847962580334
3.667,0.05585058756265641,0.041469133375386116,-0.0009431301398621925
3.668,0.055004722377404426,0.04094046912249197,-0.0009174035063404314
3.669,0.05422390730340307,0.04034664652256671,-0.0008957767796418377
3.67,0.05362024727905901,0.039565320715529456,-0.0008741654745745332
3.671,0.0531569728014671,0.03873986726240747,-0.0008541820486363263
3.672,0.052849095247924485,0.037794520301788204,-0.0008272476531161559
3.673,0.05262662940349032,0.03699191532112414,-0.0007978505082511758
3.674,0.05263739065638919,0.036275750521695876,-0.0007697214890201239
3.675,0.05255719637466848,0.03551138684096379,-0.0007353534504168954
3.676,0.05222759662090393,0.03475840422925412,-0.0007060937954656675
3.677,0.05191586673105457,0.033858394314992143,-0.0006825516151762186
3.678,0.05145904376795772,0.03312221318975944,-0.0006513347903060157
3.679,0.0510869376782773,0.032447042586530944,-0.0006232465813142945
3.68,0.05092160570782189,0.031848226251884576,-0.0006002763967593518
3.681,0.050836311288092406,0.03121015395070817,-0.0005725567846894344
3.682,0.051135414463703566,0.030548291460952684,-0.0005450082421840139
3.683,0.05167543973800981,0.029871283454242892,-0.0005137249285180326
3.684,0.0523536167830058,0.029147170624423485,-0.00048090760652211523
3.685,0.053175280636913465,0.028479866125149633,-0.0004494968514671182
3.686,0.05399181856792011,0.02796197679861434,-0.00041893063278309906
3.687,0.054742634672750964,0.027332802751697895,-0.0003872145843375224
3.688,0.05528929538884078,0.026686996515286776,-0.00034534443803822964
3.689,0.05560122598943989,0.025945291541908014,-0.0003041805238035522
3.69,0.055852655936738285,0.025235419657668484,-0.0002599862325624197
3.691,0.05609028360916127,0.024430389643711428,-0.0002184215655831266
3.692,0.056427158600138215,0.02360067682747939,-0.00017282070794473052
3.693,0.056910146732507785,0.022714389081803885,-0.00012720252588857073
3.694,0.05754027837679435,0.021816340778842647,-8.285864899192368e-05
3.695,0.05835282174665518,0.020952968393842267,-3.874772752447244e-05
3.696,0.05921261616618827,0.020084851126109346,6.000884920696274e-06
3.697,0.0600434353732362,0.019193687167135487,4.8766991754440616e-05
3.698,0.060756238664761764,0.018167607192143276,9.745810201539139e-05
3.699,0.06123246774903095,0.01708027099487794,0.00014543252503433776
3.7,0.06151556063708418,0.015935174664352347,0.00018556390958824636
3.701,0.06160655532560336,0.014591801210150794,0.00022920325804842966
3.702,0.061676487094668,0.013177512523897275,0.0002764319090999236
3.703,0.061780473684983545,0.01171539224856187,0.0003216976135539382
3.704,0.06195478939271973,0.010092409770164845,0.0003623879385525615
3.705,0.062280902673613484,0.008465821622264794,0.00040508753430074324
3.706,0.06270529905063617,0.006766250851408501,0.0004492371788138621
3.707,0.06323883972077991,0.005020163441106465,0.0004891566142662778
3.708,0.06364067587589463,0.003293817456560197,0.0005283660078043997
3.709,0.0639293546700355,0.0015134725568831525,0.0005698157348648783
3.71,0.06410276755431102,-0.0003297279156266354,0.0006138721971519529
3.711,0.06397952288743414,-0.0021520374511546734,0.0006593482261989833
3.712,0.0636706253063895,-0.003913016507590888,0.0007038980730258958
3.713,0.06332409606424509,-0.005612490639183891,0.0007450218448086883
3.714,0.06315649349110528,-0.007264395731354276,0.0007925036777283309
3.715,0.06293255812456995,-0.008978037473403595,0.0008354504806313897
3.716,0.0629289132341205,-0.010555016406607498,0.0008764246737174319
3.717,0.06301174494102779,-0.011945137370210152,0.0009108699283741713
3.718,0.06308633384428428,-0.013194358070716622,0.0009445596498159862
3.719,0.06312520698200176,-0.014189676308100004,0.0009772285660724662
3.72,0.06302531805373997,-0.014928263312418179,0.0010039819227499309
3.721,0.06286752321351365,-0.01563716957716981,0.0010279981302787592
3.722,0.06257683688043265,-0.016250146729518813,0.0010462697797349266
3.723,0.06212899701498914,-0.016802534517595356,0.0010610984796204227
3.724,0.061514419356580696,-0.017210351912272777,0.0010588834150842591
3.725,0.06094885722820472,-0.017589696788850653,0.0010579321006792344
3.726,0.06043054048422632,-0.017913341281349197,0.0010532301645399245
3.727,0.059941996655325264,-0.018186485205393448,0.0010396827228131614
3.728,0.05948371573342486,-0.018245059519701026,0.0010184557558039853
3.729,0.05916209230787681,-0.01829548233678406,0.0009984741297205603
3.73,0.05874267233888066,-0.018206240325992853,0.0009743669851268704
3.731,0.05829526332323556,-0.01810749995812319,0.0009454287918146803
3.732,0.057951182685948704,-0.017930656818024485,0.0009190909989904939
3.733,0.05745153484960442,-0.017751960822512684,0.000892060360947497
3.734,0.05697273971312452,-0.01753577490388381,0.0008715705953749563
3.735,0.05660754780880941,-0.017368941006894068,0.000837369364456966
3.736,0.05625699209417541,-0.01714527261055224,0.0008130575055908618
3.737,0.05596040291752441,-0.016908039956641866,0.0007865137709795267
3.738,0.055717316335282666,-0.016739184652539225,0.0007579532856744119
3.739,0.05557529609891883,-0.016600458587779778,0.0007269968018611438
3.74,0.055261609500901816,-0.016296441238040534,0.0007049938319748629
3.741,0.05487355573040205,-0.015991137318268622,0.000677831526816536
3.742,0.05445485487235473,-0.015637664449694465,0.0006484997653190033
3.743,0.054034584458487564,-0.015217156747724836,0.0006181488170230771
3.744,0.053708368369986575,-0.014809111207903021,0.0005877047590425783
3.745,0.0533397788291176,-0.014241525131645276,0.0005537450040503749
3.746,0.052939193020658686,-0.013604253250237779,0.0005174950915070332
3.747,0.052569614521505145,-0.012867885393951443,0.0004837074571423277
3.748,0.0522005647861291,-0.01216118584360007,0.00044831062719947784
3.749,0.05181475200131257,-0.011549978070918884,0.0004158982362860482
3.75,0.05135019079727249,-0.010836439280307072,0.0003825271671839569
3.751,0.050780367480420155,-0.010181028880678393,0.0003489592955955908
3.752,0.05020825520035384,-0.009556703083838873,0.0003151121130752781
3.753,0.04964627177135163,-0.008856456367352022,0.00028519525379926125
3.754,0.04905059031331669,-0.008252427733139618,0.0002569090281622779
3.755,0.04846773110571927,-0.00766113831228836,0.00023386423625595541
3.756,0.04803355855443966,-0.007155388639074667,0.00021094430338558306
3.757,0.04778646130749666,-0.006528902629786039,0.00018645049427829712
3.758,0.047517582686201626,-0.005929793046207374,0.00016836739024806628
3.759,0.04723977501224626,-0.005348257034379925,0.0001534919855263443
3.76,0.04692859930393675,-0.004920019738434769,0.00013952988206642814
3.761,0.04643465937093337,-0.004457942444434038,0.0001316311436048949
3.762,0.045864944272709485,-0.003956038664944886,0.0001256023911984824
3.763,0.04518690374420481,-0.0035942280472535393,0.00011462548788257454
3.764,0.04444889582598177,-0.0032268544080449046,0.00010572062842307119
3.765,0.043775029163846055,-0.002882317540636316,9.194083002871112e-05
3.766,0.04330115125336916,-0.0024492644251008916,7.605941303967458e-05
3.767,0.0429842833752854,-0.002134720314567712,5.6429579192827906e-05
3.768,0.042779108963451176,-0.0017473360028842089,3.163529291934331e-05
3.769,0.042716006716754254,-0.0013454229722613537,6.9542315016827205e-06
3.77,0.04265827333447182,-0.0010677254470414788,-2.042161047941123e-05
3.771,0.042592576980409746,-0.0007226141418297111,-5.318976809730964e-05
3.772,0.04245791913643979,-0.0005625500448867699,-8.347959164312524e-05
3.773,0.04213767766049861,-0.00024675413514696487,-0.00011645506237731849
3.774,0.0417690582769341,-3.351401391063491e-05,-0.00014547164994840054
3.775,0.041353462384192824,0.0002470252106097498,-0.00017191226331884782
3.776,0.04098018025266806,0.0005613469984385999,-0.0001960173422113023
3.777,0.040770556041890026,0.0008508960733249124,-0.00022153164288484558
3.778,0.04080106398742289,0.0012202783678118834,-0.0002470118383761454
3.779,0.041068070116421926,0.0016334286877880966,-0.0002694820431340056
3.78,0.04139976020290961,0.0020677126040018062,-0.00028630811205715564
3.781,0.04171882221436474,0.002477512596440856,-0.00030692489406306726
3.782,0.04192642676099102,0.0028631812527437767,-0.0003205912501402935
3.783,0.04205441871127394,0.003351621144360953,-0.0003341597486276605
3.784,0.04202105320205607,0.0037681179524200886,-0.00034787032183808127
3.785,0.041857713956067105,0.004083591327174743,-0.0003629005227695438
3.786,0.04165235940426951,0.0044593505448060206,-0.00038165550976304065
3.787,0.041518924919057454,0.00483604340406802,-0.00039871893770692963
3.788,0.0415854547321521,0.005200875802770684,-0.0004167366583697128
3.789,0.041774975220165864,0.0054933067486707884,-0.00042777539318499046
3.79,0.04225671700340208,0.005653602101525879,-0.0004433228620877406
3.791,0.04280708593479783,0.005760457737718452,-0.0004569449285446662
3.792,0.04338193794311812,0.005715483401178528,-0.0004704554373491513
3.793,0.043869947850060514,0.00567496284503928,-0.00048274345115142383
3.794,0.04425050920102043,0.005585954826964265,-0.0004891748694183312
3.795,0.0444572492810814,0.0053410469397495025,-0.0004958020028649618
3.796,0.044515452139057915,0.005089380337474345,-0.000500175693478426
3.797,0.0444342276202942,0.0047271996457950854,-0.0005042197489882698
3.798,0.04444868905237974,0.0042944648968085,-0.0005061752698256384
3.799,0.044568396020850526,0.003906651790570391,-0.0005054240497274793
3.8,0.04482028953323734,0.003460619775249106,-0.0005018653316197884
3.801,0.045129960640124187,0.00295781218633874,-0.0004973771113826349
3.802,0.04553666513685048,0.002395014197583714,-0.0004924942351099303
3.803,0.0460138476235097,0.0018441899787971505,-0.0004849702549740084
3.804,0.04642166772472833,0.0011571483729385934,-0.0004792997700771391
3.805,0.04674344901832489,0.0004603383332660582,-0.0004748673649097564
3.806,0.04696542899375841,-0.00023085313821370745,-0.00046860882838493044
3.807,0.04709556236376919,-0.0010196488019426908,-0.00046765199861741134
3.808,0.047098659274303234,-0.0018028386787216633,-0.00046798942608466845
3.809,0.04723348855060483,-0.0025627178640661857,-0.00047259851856707347
3.81,0.04733489584316519,-0.003482848047830195,-0.0004837234767920835
3.811,0.04737663811037289,-0.0044500442637183946,-0.000493774538577257
3.812,0.047405613800630145,-0.005449195900945433,-0.0005053137605993399
3.813,0.047533035491107795,-0.006374716601373176,-0.0005193911185539781
3.814,0.047506769777726915,-0.007228871370813558,-0.0005288635520346661
3.815,0.04742474189599144,-0.008011765892590159,-0.0005429485211351801
3.816,0.04731860166565338,-0.00883259958457236,-0.000554554068857058
3.817,0.047106373007568564,-0.00964543433290456,-0.000562477380446711
3.818,0.04690314219064873,-0.010501221660327756,-0.0005659645175395949
3.819,0.04671599638231726,-0.01138670604605413,-0.000565230150693023
3.82,0.04655501143534117,-0.012370971967552921,-0.0005574383307092992
3.821,0.04640451271889133,-0.013328987912770679,-0.0005442414011149854
3.822,0.046292348401467204,-0.014317430173210938,-0.0005307490503299512
3.823,0.04618402876460688,-0.015220867132624452,-0.0005097203241142799
3.824,0.04599952946971615,-0.016088159771392746,-0.0004888063087400542
3.825,0.045662363729603514,-0.016808791940922246,-0.0004701410607808135
3.826,0.04532311934287696,-0.01735942941406636,-0.0004519833675209798
3.827,0.04488651936218499,-0.017649773764069794,-0.0004349935502307976
3.828,0.04453495576764578,-0.017833142934581186,-0.00042309703927506984
3.829,0.04424836364388058,-0.01790710602981297,-0.00041305556390934517
3.83,0.04412199529708507,-0.01790463280255694,-0.0004085628313499935
3.831,0.04411361555436412,-0.017907764177811474,-0.00040820686530598945
3.832,0.04418117676630788,-0.01790588110013812,-0.0004118775578669657
3.833,0.04425473313576303,-0.017818382750685438,-0.0004200620767344414
3.834,0.0443050733226311,-0.017686875780456968,-0.0004288346834734247
3.835,0.044247019388992254,-0.017384856368512502,-0.00044114397224060504
3.836,0.04398166933752584,-0.016958136939856767,-0.0004568214286418853
3.837,0.043678755631853555,-0.016407684103607073,-0.000471562406029982
3.838,0.04332038365311873,-0.01574815629509787,-0.0004893301549160006
3.839,0.04298676353744625,-0.015140390255809722,-0.0005084936694396303
3.84,0.04275038178975864,-0.014492765321074736,-0.000527701257028337
3.841,0.04267986315818516,-0.013846874068151174,-0.0005433301280423416
3.842,0.04280486464208594,-0.01329375997164959,-0.0005612266462811139
3.843,0.04305211734721257,-0.012968098507605778,-0.0005771353383550564
3.844,0.0432857996305359,-0.01254916081224991,-0.0005917258361404344
3.845,0.04342190551146088,-0.012120497201939466,-0.0006014181954934453
3.846,0.04337547612793258,-0.011656831613198373,-0.0006104330541326599
3.847,0.04320062921452067,-0.01100016178312557,-0.0006195003173234226
3.848,0.042853368734093226,-0.010214987434003075,-0.0006235259332014181
3.849,0.042514322078527435,-0.009401196282150812,-0.0006280738146740615
3.85,0.042231571997730796,-0.008600919381402915,-0.0006357682685304883
3.851,0.04217203501657941,-0.007935415194534072,-0.0006403998171551548
3.852,0.042317010912638786,-0.007265650929898565,-0.0006471774303857212
3.853,0.04272058680094956,-0.006741257926064148,-0.0006557752322997597
3.854,0.04324510311911008,-0.0062271622376164374,-0.000663382309041712
3.855,0.04374651904774496,-0.005700667075485919,-0.0006695642396369785
3.856,0.04405867574994651,-0.005167946113438331,-0.000676521967554046
3.857,0.044125957103725064,-0.004584561262144567,-0.0006830106760032872
3.858,0.04393970792985092,-0.0037990535759343047,-0.0006865341314909077
3.859,0.043570943577309056,-0.0029920981831829587,-0.0006892854313363262
3.86,0.04315446913383921,-0.00217035670200591,-0.0006872261038925057
3.861,0.04286383217361279,-0.0012895255130896052,-0.0006849967670080806
3.862,0.04275847445492746,-0.0004222875878156229,-0.0006815573292019962
3.863,0.0429574342061651,0.0004313635395683871,-0.0006782583598772401
3.864,0.04335997142480967,0.0012140983038534045,-0.000680520700502372
3.865,0.04382843694081302,0.001978567926920388,-0.000679568553401745
3.866,0.04425290071492976,0.0027709880695879234,-0.0006789897043377841
3.867,0.04446412197770739,0.003568994355533853,-0.0006783267057926124
3.868,0.04436951692689078,0.00441644896330341,-0.0006722663165710529
3.869,0.043961924785338835,0.005297233244498422,-0.0006676995827068736
3.87,0.043278556753850984,0.006221378967020668,-0.0006644836598633173
3.871,0.042538358011407824,0.00708103664693685,-0.0006651482020032407
3.872,0.04188794664647684,0.007910498911407424,-0.0006656076459790487
3.873,0.04141640626364966,0.008653979008518914,-0.0006619500192184973
3.874,0.041290631255374056,0.009384677239229186,-0.0006599693815997325
3.875,0.04142545591376811,0.01006453708109048,-0.0006586315958592438
3.876,0.041691392829301704,0.0105962036300268,-0.0006592974080275854
3.877,0.04199802406540942,0.011052641235395587,-0.0006612813124588937
3.878,0.042204894804925744,0.01165071078754663,-0.0006589696235197197
3.879,0.04214392942599537,0.012169172475195392,-0.0006599414258609249
3.88,0.04185700934356319,0.012656967700010902,-0.0006616965059030735
3.881,0.041377559998055646,0.013086078980591873,-0.0006655741478763039
3.882,0.04081539570085422,0.01343088663802014,-0.0006696782861341457
3.883,0.04035085875273076,0.013793288741133211,-0.0006728582953690792
3.884,0.04010321949923562,0.014125837730563112,-0.0006768187913702498
3.885,0.040121772406624165,0.014363987531965425,-0.0006834390385420381
3.886,0.04029230890104178,0.014560828316551463,-0.0006879785434049869
3.887,0.04070775669140664,0.014748531671938625,-0.00068943455561145
3.888,0.04114119295505653,0.01490156702463541,-0.0006953220487747203
3.889,0.04152293762303182,0.015020349126416255,-0.0007017104513821767
3.89,0.04181860680764324,0.015194377605184384,-0.0007077863265673324
3.891,0.041973007894413786,0.015393557717442524,-0.0007149554163678674
3.892,0.042018855571142114,0.015506711272814347,-0.0007217359144039387
3.893,0.04200336283326167,0.01563633532453948,-0.0007281509324636604
3.894,0.0420053723866873,0.015680476806546453,-0.0007362255971256304
3.895,0.04213212082004,0.01564749512243374,-0.0007436990175067899
3.896,0.042372882692125344,0.015600712094727603,-0.000750354420923824
3.897,0.04278140037625508,0.015416813208347549,-0.0007557929470891727
3.898,0.04332266707618136,0.015182686547508428,-0.0007595276638844015
3.899,0.04401248052354541,0.014860759983714486,-0.000761877333347596
3.9,0.04472250892638355,0.014484449244648659,-0.0007621602142693933
3.901,0.04540354190465342,0.014072670479068156,-0.0007614533381568625
3.902,0.04604243925113858,0.01361715028268179,-0.0007633968261350324
3.903,0.04667910055397549,0.013197898959721774,-0.0007610006561948773
3.904,0.0471831059451925,0.012713038763760953,-0.0007616788999014857
3.905,0.047549201191717384,0.012202596670209315,-0.000762065836060502
3.906,0.047738332075476855,0.011734426919934468,-0.0007587897451697479
3.907,0.04782105350757042,0.011257078810387539,-0.0007537984644336111
3.908,0.04777990834515389,0.010742119458857918,-0.0007497877529914214
3.909,0.04771807206549321,0.010151515887665052,-0.0007502714231901937
3.91,0.04769452705291617,0.009525647867163312,-0.000749287410758821
3.911,0.04774396125682519,0.008881739959902768,-0.000746204715460472
3.912,0.04788033635256114,0.008165910437664264,-0.0007426515788597582
3.913,0.048145884343818376,0.007449167233020276,-0.0007376010399164281
3.914,0.048521097160773186,0.006704640426469011,-0.0007335192911127114
3.915,0.048881960861780704,0.005984508392685564,-0.0007266116325751473
3.916,0.04920921730671393,0.005280904933593442,-0.0007172557221134947
3.917,0.049406106294945705,0.004556934823108552,-0.0007053463084533245
3.918,0.04950226977401443,0.0037541136278921305,-0.0006932739075407098
3.919,0.049519395650925016,0.0029514032674424484,-0.0006789595167572993
3.92,0.04945779728232845,0.0020690985982027565,-0.0006653096514961405
3.921,0.04947223582825093,0.001170018288145308,-0.000651921827114499
3.922,0.04956086064253619,0.0002458364336866692,-0.0006371357265044094
3.923,0.04985303775189172,-0.0005608738814988357,-0.0006225196081522625
3.924,0.050280769374674475,-0.0013426412768695606,-0.0006072121440495318
3.925,0.050804008457926014,-0.001974650073808537,-0.0005921342828474547
3.926,0.051338751775769104,-0.0025188319611545162,-0.0005781709108632256
3.927,0.05182827692168692,-0.0028849068426498453,-0.0005636998210836083
3.928,0.05208505009386783,-0.0032446863143450744,-0.0005550798178194792
3.929,0.052197889288090334,-0.003458620207395957,-0.0005429006252814872
3.93,0.05212801054995267,-0.003603592136103867,-0.0005372321881452941
3.931,0.05197325310719872,-0.003654656259273692,-0.0005353536848555003
3.932,0.051813064798751404,-0.003615073958764342,-0.0005366560968894348
3.933,0.05167555846508724,-0.003514919865047844,-0.0005398879344034392
3.934,0.05159462399020326,-0.003290308987543067,-0.000545099938370038
3.935,0.05157496556675581,-0.003009214424491008,-0.0005529930590810422
3.936,0.051546087441919256,-0.0027006257224049257,-0.0005656038217120944
3.937,0.05143050717369414,-0.002309672395078899,-0.0005792805072015836
3.938,0.05122900737478796,-0.0018713250754471,-0.0005916743521751118
3.939,0.05086635513733271,-0.0014419499587362133,-0.0006048891135969103
3.94,0.05035265105784216,-0.0010242374463834275,-0.0006182526547988484
3.941,0.04968706546952144,-0.0006010071203046696,-0.0006262671914083826
3.942,0.048937891550698,-0.00021719119407756504,-0.0006354389846268931
3.943,0.048179125609598944,7.312264663336676e-05,-0.0006435555468347449
3.944,0.0474908470940725,0.0003033660597643595,-0.0006448293264627571
3.945,0.046985061435867545,0.0004779023245340408,-0.0006464566619385768
3.946,0.04651865945159479,0.0006497015389950733,-0.0006441624451096371
3.947,0.0461264372045784,0.0007406108181837456,-0.0006386441831303294
3.948,0.04575745615552286,0.0007813664927401598,-0.0006334869069269475
3.949,0.045435999215200584,0.0008033539693054204,-0.0006257559761102482
3.95,0.04506037860662965,0.0008662967688991829,-0.000617888950756543
3.951,0.04468894254788619,0.0009119398578782412,-0.0006083614270771184
3.952,0.04421221865749156,0.0009191869076349557,-0.0005977040106703277
3.953,0.04377765074691012,0.0008325410117897558,-0.0005908503550249491
3.954,0.043410233943995125,0.0007970325803843686,-0.0005837424508636921
3.955,0.04312172832807751,0.0008283277166976771,-0.0005757871724613518
3.956,0.04287702179686148,0.0008452970725488923,-0.0005690667118688355
3.957,0.04262828743127467,0.0008828707170955019,-0.0005635433757922757
3.958,0.042314721742782765,0.0009602624200632237,-0.0005578911938890659
3.959,0.042075805374548914,0.0010299993819690711,-0.0005550301279099737
3.96,0.04183724057890756,0.0010973195135098868,-0.0005531282475292694
3.961,0.04158838877436412,0.0011876912279513013,-0.0005509904216263475
3.962,0.04133315492496685,0.0011870695719902735,-0.0005515728555037738
3.963,0.04113146153097841,0.0011950524870577989,-0.0005554706682821051
3.964,0.0409064161103686,0.0011760879810387703,-0.0005603008464304914
3.965,0.04073057360897539,0.0011315077348603986,-0.0005656962427691977
3.966,0.0405082153797659,0.0010500853751398975,-0.0005710316560296761
3.967,0.04040836582607686,0.0008841126824222917,-0.0005762152088081133
3.968,0.040196452744126324,0.0006794810746979796,-0.0005804221790832985
3.969,0.03999703659472698,0.00043738482297307757,-0.0005854393739589722
3.97,0.03982461939692197,0.00020684696036415984,-0.0005891257056125494
3.971,0.03963679595557365,-7.747562650703421e-05,-0.0005916643851983814
3.972,0.03948075760834802,-0.00034285642763863533,-0.0005931878285329647
3.973,0.03935437926925198,-0.0006149655593714332,-0.0005947040231571907
3.974,0.0392695983072065,-0.0008369123104994824,-0.0005927773159435026
3.975,0.03909261076777811,-0.0011159758576214651,-0.0005882678026196676
3.976,0.038924917647801136,-0.0013054678914254936,-0.0005865089211725885
3.977,0.03872136192079567,-0.0016231442725264666,-0.0005868443914880507
3.978,0.03841083753826962,-0.0019478804624798035,-0.0005843646439174459
3.979,0.038108353228258215,-0.002357089047558797,-0.0005841770110497785
3.98,0.037822880698068946,-0.002760235231737254,-0.0005858438519970599
3.981,0.03771189805785265,-0.0032227231470432355,-0.0005877113010035546
3.982,0.03765220451885056,-0.003716954796978672,-0.0005926797845456091
3.983,0.03770723394050845,-0.004083933430104339,-0.0005985117707092988
3.984,0.037847559663297656,-0.004304764945265341,-0.0006041667614877719
3.985,0.037966267088521716,-0.004410628454943624,-0.0006112874378766831
3.986,0.03795646410294152,-0.004485055229968601,-0.0006213904132944976
3.987,0.037794526792193056,-0.0045377527130863946,-0.0006337221257659572
3.988,0.03754499192410447,-0.0045033292524737645,-0.0006480847331585046
3.989,0.037156401080724585,-0.004459914916687721,-0.0006603631859118124
3.99,0.03673612367667044,-0.004455852057462753,-0.0006729809073048096
3.991,0.03641067060885527,-0.0044936691779594445,-0.0006875530441068447
3.992,0.03624377339832315,-0.004596722606725015,-0.0007027768399702447
3.993,0.03623378016688658,-0.004711050235265829,-0.0007160898032956446
3.994,0.03632431804318675,-0.004789544775381238,-0.0007257545088186326
3.995,0.03653412930614906,-0.004768031239100842,-0.0007341044432565229
3.996,0.0367478564448291,-0.004721860013252345,-0.0007413286631237005
3.997,0.03690418623067218,-0.004543774300363776,-0.0007509371074187938
3.998,0.03690867047066458,-0.004423434136333927,-0.0007592604826036718
3.999,0.03677129842977673,-0.004226974605623331,-0.0007664891942936962
4,0.03653992235067344,-0.004149348254431411,-0.000771959691439741
4.001,0.036348148086942825,-0.004118404767544971,-0.0007776901594148394
4.002,0.03624002100825772,-0.004146423807483132,-0.0007818155635766988
4.003,0.036218747645591826,-0.0042579582305320995,-0.0007858545087457385
4.004,0.03629314601730657,-0.0043634938032291945,-0.0007911084646235454
4.005,0.036521242879272345,-0.0044221186812681765,-0.0007963425771567411
4.006,0.0366939866213304,-0.004450519839988877,-0.0008018101749998605
4.007,0.03680192112972518,-0.004359139048191844,-0.0008066255603607015
4.008,0.03672154887333931,-0.004266190551793066,-0.0008115093956015415
4.009,0.036573220454357916,-0.00420794401127024,-0.0008162349565745603
4.01,0.03634311072916602,-0.0041684914848521895,-0.0008197245065819087
4.011,0.03609110345139349,-0.004262165155991787,-0.0008213036562556094
4.012,0.03589975732357305,-0.004480293701382615,-0.0008224336395918544
4.013,0.03586776937100328,-0.00479735578319114,-0.0008210515279875132
4.014,0.035991118245564814,-0.005190576982702352,-0.0008211328041524234
4.015,0.03615819219351688,-0.005566142972912282,-0.0008180715314752104
4.016,0.036368768782389205,-0.005947181726203926,-0.0008149562447428015
4.017,0.03649455924624989,-0.006241784260664716,-0.0008095715253920183
4.018,0.03655211561564372,-0.006441344458556191,-0.0008059992221138072
4.019,0.036411953333582915,-0.006608259874700258,-0.0008013669283217161
4.02,0.036186975156452,-0.0067459319114655455,-0.0007978658497841957
4.021,0.035906797151288146,-0.006966612882178022,-0.0007908815084082599
4.022,0.035700362158476884,-0.007237384197480622,-0.0007884648838759946
4.023,0.035624329301499516,-0.007634626737504688,-0.0007876624476523514
4.024,0.03567071795031207,-0.0080954185566392,-0.0007845310990100658
4.025,0.035844392533000466,-0.008617628099469692,-0.0007841051646080941
4.026,0.036072606938155935,-0.009123196123315643,-0.0007827518106311454
4.027,0.03632475248320667,-0.00960312229313021,-0.0007818539650695658
4.028,0.03657467198296029,-0.009993049296946657,-0.0007829092892261502
4.029,0.03671575271176166,-0.010245977058170402,-0.0007856893939967955
4.03,0.03672137646322881,-0.010435484171822619,-0.0007849120676682751
4.031,0.03669596899288804,-0.01058971584369376,-0.0007882161211478702
4.032,0.03667657192741726,-0.010779959214453325,-0.0007905263723415874
4.033,0.03668027246143836,-0.01100673006373886,-0.0007926457120396963
4.034,0.03676123813113452,-0.011282459875639472,-0.0007935485296729287
4.035,0.03700019518690784,-0.011589168137181742,-0.0007966708813971328
4.036,0.037305669645953506,-0.011964905486897593,-0.0007985742838475406
4.037,0.03765361598950799,-0.012333875547962746,-0.0007997758450961415
4.038,0.03802150578493645,-0.012641390648830778,-0.0008007140242943398
4.039,0.038304443086357644,-0.012910269219710998,-0.0008002176090505778
4.04,0.03862686320405708,-0.01314039468962636,-0.0007999631544901081
4.041,0.03889814258898093,-0.013280991133826074,-0.0007995884731820431
4.042,0.03915092920390688,-0.013400674032357958,-0.0007993001205712285
4.043,0.03941108177508201,-0.013491804218272146,-0.000797181684243647
4.044,0.03964684061971707,-0.013547933162190731,-0.0007956005016691245
4.045,0.03989513173537071,-0.013599153543883547,-0.000793074026736926
4.046,0.04014505928462944,-0.013605439388141778,-0.0007920310714172634
4.047,0.04039615769297285,-0.013609885049352033,-0.000790373414042354
4.048,0.040692427164238626,-0.013522455103106871,-0.0007893248763096258
4.049,0.04102450762334367,-0.013406995408180356,-0.0007883084951245782
4.05,0.04140913997537786,-0.0132483611842294,-0.0007889592213856491
4.051,0.04184583076047287,-0.01301968059874194,-0.0007897899756748889
4.052,0.04237117953299139,-0.01272992789735902,-0.0007903247884247332
4.053,0.04293144553444452,-0.012415224497777063,-0.0007925074840260022
4.054,0.04344534118960938,-0.011983561429682817,-0.0007954874284019536
4.055,0.04395450370140514,-0.011464216092994015,-0.0008002244137882958
4.056,0.04437620083871651,-0.010836848670284907,-0.0008057897251785269
4.057,0.04474682872742744,-0.010142932721843214,-0.0008132315902562865
4.058,0.045083583306537736,-0.009338947954748052,-0.0008213418866789029
4.059,0.045406919602269516,-0.008547645688639745,-0.0008289704314551627
4.06,0.0458501117955135,-0.007635548552303376,-0.0008432271701281342
4.061,0.04641329721879823,-0.006665858603237922,-0.0008574044374563435
4.062,0.047024571568370865,-0.005766770772297612,-0.0008728057805130346
4.063,0.04765729814318562,-0.004889336204057177,-0.0008879565247795157
4.064,0.04823182656060555,-0.003985964543423201,-0.000904904173965703
4.065,0.04872425313227592,-0.0030884970899415004,-0.0009204022084034883
4.066,0.049041395476359044,-0.0021661468424970763,-0.00093331797708624
4.067,0.049250803739986804,-0.001284166059039975,-0.0009507622376844136
4.068,0.04933640577352116,-0.00039837284665986995,-0.0009652726533305729
4.069,0.04941680851603462,0.0004836690171695912,-0.000984173227699681
4.07,0.04948229726234932,0.001329526940505546,-0.0010015963333897134
4.071,0.049620878586843234,0.002089826848493355,-0.0010174455406436551
4.072,0.049814752370543516,0.002834844394845569,-0.0010239802237665282
4.073,0.05008995160525419,0.0035070101915274897,-0.0010294970863823024
4.074,0.0504117121395756,0.004056715594775214,-0.0010262394204447597
4.075,0.05075425548109787,0.004508628625151138,-0.0010264268234920666
4.076,0.05096875159944723,0.004952213416167023,-0.0010207202594441488
4.077,0.05103263550561052,0.005354076969185035,-0.0010120197344246394
4.078,0.05102443113139965,0.005801529694106663,-0.0010019303251494818
4.079,0.050862092575080356,0.006170243783912085,-0.000988896054259818
4.08,0.05070974013468316,0.0065065802764853985,-0.0009729306718343283
4.081,0.05056342694557844,0.006755946220851537,-0.0009554337385729336
4.082,0.05038133518959636,0.006972607523703107,-0.0009343023005235364
4.083,0.050267191017373314,0.007213381410691604,-0.0009102687493316225
4.084,0.050156142063164856,0.00741781148985305,-0.0008822525019119985
4.085,0.049918015041675735,0.007657975826294721,-0.0008580917619848672
4.086,0.04960599710096057,0.007881581846503803,-0.0008345828478394384
4.087,0.04923026439073205,0.008076771248936989,-0.0008100890749757046
4.088,0.04877905192304487,0.008120264714831273,-0.0007839413648477061
4.089,0.04826375046359824,0.008045930596156537,-0.0007583157090506914
4.09,0.04785118596934368,0.00798659598215765,-0.0007309811696775759
4.091,0.04752729073384071,0.00779043880876467,-0.0007089723496833555
4.092,0.04725175981442127,0.007546949759811728,-0.0006908910099892277
4.093,0.04700806990869827,0.007183371113467521,-0.0006735995601609031
4.094,0.04667511467769052,0.006695814456331763,-0.0006584207102160389
4.095,0.04619579582203416,0.006097923625650167,-0.0006469188166602342
4.096,0.04559650874513298,0.005517769012995073,-0.000640151726128793
4.097,0.044860948893440875,0.005023502325222664,-0.0006340136598357456
4.098,0.04411752909619719,0.004494139907201971,-0.0006261211063363274
4.099,0.04332889561329738,0.00397230813322428,-0.0006213407658986638
4.1,0.04261101058809309,0.003289995800722253,-0.000613449269333704
4.101,0.04196029502138565,0.002535508862569577,-0.0006050969669233556
4.102,0.041546246103033355,0.001867512992250131,-0.0005967767012757497
4.103,0.041206747537633606,0.001021005085377183,-0.0005926175310263171
4.104,0.04073536795966875,5.887798955233909e-05,-0.0005856988797832501
4.105,0.040129831804151424,-0.0009276359155739634,-0.00057320120953784
4.106,0.039424966644487316,-0.001937307719569627,-0.0005668181059369963
4.107,0.03850207211838798,-0.002946598805813415,-0.0005555197894759249
4.108,0.03761787603159957,-0.003800991913918708,-0.0005442698760970649
4.109,0.03671341587702718,-0.0045993952243182125,-0.0005359789712964073
4.11,0.03596286534918954,-0.005369724941574578,-0.0005303930388003152
4.111,0.035412671425654255,-0.006195603230958829,-0.0005199005757499239
4.112,0.035064716082082545,-0.007042050576455123,-0.0005097303563294431
4.113,0.034874317803336406,-0.008000502326042661,-0.0004987774079353928
4.114,0.034732152479240566,-0.00898390845929438,-0.0004886061207436318
4.115,0.03450146417758342,-0.009998065151128156,-0.00047493701182367164
4.116,0.034142492377618815,-0.01096746675346904,-0.00046552463767764423
4.117,0.03368453414307091,-0.01187509562661989,-0.00045685596657215753
4.118,0.03311167135082804,-0.012615473798133808,-0.00044713023252568903
4.119,0.03250881566723296,-0.01333484177125219,-0.00043636226493177035
4.12,0.03207793421589149,-0.013979052614872528,-0.00042726803601293804
4.121,0.03174125172466702,-0.01457740338220518,-0.00041422928197713333
4.122,0.03166332334122861,-0.015226342462313929,-0.0004031971460253312
4.123,0.03175853469571051,-0.015856262055581133,-0.00039526523529057674
4.124,0.03196922991793104,-0.016500095692230092,-0.00038853477347115947
4.125,0.032180309986309594,-0.01713236523227714,-0.00038180825297490456
4.126,0.032362182069803964,-0.017705917428766666,-0.00037184660600729177
4.127,0.03243728790697652,-0.018221574110101463,-0.0003674319402463389
4.128,0.032405091411243606,-0.018644892700937787,-0.00036495670445428
4.129,0.0322918686638454,-0.018908556800069143,-0.00036473672258567017
4.13,0.03216438784685954,-0.019083529905542247,-0.00036612407047715754
4.131,0.032235312322425366,-0.01907841133784998,-0.00036912714884039684
4.132,0.03238343621914157,-0.01911372376996212,-0.0003749904221414473
4.133,0.03268515964433899,-0.01909325942052502,-0.00038385319370393297
4.134,0.03300250815321001,-0.019014284694625985,-0.00039249722631605266
4.135,0.03343211535302173,-0.018947214077676792,-0.0004075228791710492
4.136,0.03386835448102606,-0.01882683596484649,-0.00042528210556707865
4.137,0.034140997446881524,-0.01862267009786273,-0.00044727837702884603
4.138,0.03434181540858717,-0.018386922105150486,-0.00047526964238435497
4.139,0.03455346029465868,-0.018045067546227228,-0.0005026825926159079
4.14,0.03465428433769428,-0.017713304069410078,-0.0005306796727418935
4.141,0.0348044019664793,-0.017244342843819208,-0.0005640010126102134
4.142,0.03496481829436574,-0.016808574696110558,-0.000594691818141109
4.143,0.035154644493805204,-0.01626481607641684,-0.0006243876588017162
4.144,0.03541406567606825,-0.01577994152174351,-0.0006545141743396526
4.145,0.03566272286146659,-0.015373388326120112,-0.000680395410893022
4.146,0.035789158483776354,-0.014954089800968521,-0.0007029035882013213
4.147,0.03596609201193979,-0.014535783735279825,-0.0007221279484359555
4.148,0.03607151456332518,-0.014172013917284535,-0.0007380433226972991
4.149,0.036153655645993654,-0.013766487030385027,-0.0007485433953350958
4.15,0.03619427679114737,-0.013468609519633938,-0.0007574311864375299
4.151,0.03623651136306053,-0.013144230265474725,-0.0007624615105398438
4.152,0.036265467960072684,-0.01289874643035403,-0.000765729252366005
4.153,0.036320743936827785,-0.012739136643486491,-0.0007664978704563345
4.154,0.03637172725321687,-0.012474806657477563,-0.0007664769004809165
4.155,0.036465177505242606,-0.012299453508277422,-0.0007669617754153496
4.156,0.03657535559034208,-0.012100053409064723,-0.0007675351161480641
4.157,0.03666635568890391,-0.011856353555190612,-0.0007698860240534231
4.158,0.036771061909396205,-0.011562211366386799,-0.0007719012114540832
4.159,0.03695702973836291,-0.011251713698383223,-0.0007745187435260297
4.16,0.03712352627936027,-0.010955051752380932,-0.000778475058108628
4.161,0.03729703600840086,-0.010634397244582374,-0.0007820259236883851
4.162,0.037433793084037506,-0.010231970549609734,-0.0007834631929044689
4.163,0.03760122503298079,-0.00986986858530667,-0.0007862922937743203
4.164,0.037637402245993185,-0.00950810930320279,-0.0007890543192283871
4.165,0.037617009989995245,-0.009084695369864506,-0.0007927943963724424
4.166,0.03749404807599253,-0.008625846215709304,-0.0007911580443526588
4.167,0.03737044406385584,-0.008229218552307589,-0.0007969808315404666
4.168,0.03729158826297508,-0.007797569272613138,-0.0008020542510380482
4.169,0.037187131787668234,-0.0073434659755941475,-0.000802246540332278
4.17,0.03715654855186486,-0.006934378345688233,-0.0008016805618972151
4.171,0.03719522700235964,-0.006513915964841521,-0.0007988124385737169
4.172,0.03733838834983394,-0.006082347070241637,-0.0007991801855842334
4.173,0.037547696497820755,-0.005629454651534841,-0.0007989313095406488
4.174,0.037685720636875794,-0.005199107910718489,-0.000798967430589244
4.175,0.037701127436852847,-0.0047200982142479656,-0.0007981582163321269
4.176,0.03759957057157853,-0.004318968381055784,-0.0007951182637068001
4.177,0.03741949017067322,-0.003833650043328851,-0.0007918087206085057
4.178,0.0371073443098017,-0.0034273257256067623,-0.0007865292783266872
4.179,0.03674043971049676,-0.003066258203129127,-0.0007784268346132229
4.18,0.03645915075202398,-0.0027058439258878485,-0.0007738071824089047
4.181,0.03622202532519608,-0.0024303123957606643,-0.000768666777741983
4.182,0.03611295602866563,-0.002283602789666595,-0.0007638458128856826
4.183,0.03606151062384104,-0.002134932545314931,-0.0007534090020990291
4.184,0.03607035753061796,-0.0019170690869158586,-0.0007419312036551405
4.185,0.03612433792828307,-0.0016813838651548506,-0.0007337827038070368
4.186,0.03610651497109725,-0.00139673537406874,-0.0007262770057594947
4.187,0.0359797164572987,-0.0010042162349771988,-0.0007161696719422219
4.188,0.035837268832047756,-0.0006020944171269112,-0.0007036475144115447
4.189,0.03559347507529732,-0.00018803476318681941,-0.0006929349948489496
4.19,0.03538847963507252,0.00022072854470602953,-0.00068419348199671
4.191,0.03516413146149249,0.00047909386402016367,-0.0006738547142038061
4.192,0.034966859542495156,0.0006548343136970071,-0.0006606826149345433
4.193,0.034813985308049904,0.0007479083198078064,-0.000648742055909103
4.194,0.034762407388305015,0.0007475608971189688,-0.0006390382289694497
4.195,0.03471383847573309,0.0007331824615103765,-0.0006301768587276503
4.196,0.03464533542771599,0.0007875024661066106,-0.000617117042650557
4.197,0.0345085511464954,0.0008943129416674814,-0.0006012437743065223
4.198,0.03431534757928819,0.00111035643687913,-0.0005876433131744777
4.199,0.03408898527204588,0.0013830779563837542,-0.0005774421361792535
4.2,0.033905936941132836,0.0016286706337720663,-0.0005688531029721486
4.201,0.033705041147070985,0.0018085794338489794,-0.0005597431403686692
4.202,0.03359309349284238,0.001966301586236542,-0.0005513278757507432
4.203,0.0335856568096067,0.002049220768677249,-0.0005459335532903545
4.204,0.03361439240541525,0.0019988081749007488,-0.0005423660568132003
4.205,0.033653971173609784,0.0018132092311145317,-0.0005392470867935966
4.206,0.03367913891565852,0.0016777893831763646,-0.0005346551157650607
4.207,0.03368458146960104,0.0015929532965151816,-0.0005283928715248873
4.208,0.03364149627187314,0.0014772552104131767,-0.0005235401788821232
4.209,0.03345693376713317,0.0014098219584953407,-0.0005205421786029271
4.21,0.033220202331979275,0.0013764949204294677,-0.0005163443132516078
4.211,0.032954109209323484,0.001321044711258909,-0.0005112292207369493
4.212,0.03275722607142416,0.0012246858350242512,-0.0005067496840923721
4.213,0.03264145547206616,0.001109449220592467,-0.00050283302834945
4.214,0.03268448259680162,0.0009632412227645682,-0.0004991056081386863
4.215,0.03279334214082244,0.0007401233449486049,-0.0004931672599263151
4.216,0.03294780166214213,0.0004776338779009046,-0.0004896117655013392
4.217,0.0331037064763744,0.00020850650112723065,-0.00048543125446871003
4.218,0.03319795757455051,1.5482847399009292e-05,-0.00048187001779660514
4.219,0.03320710948119347,-0.0001771995747009772,-0.00047746349052520874
4.22,0.03312786688819712,-0.0003872754529727039,-0.00047612537134404214
4.221,0.032947472245230286,-0.0005491028718261001,-0.0004719905076151634
4.222,0.03280770482389053,-0.0007118812685986027,-0.00046755380360010335
4.223,0.03268375159178029,-0.0009507915056512668,-0.0004644628650683327
4.224,0.032662286873584453,-0.0011931379249214436,-0.00046179169536671915
4.225,0.03266202379811523,-0.0014723614057992503,-0.0004604600550828717
4.226,0.03274239168221234,-0.001748682536433139,-0.00045754765881110733
4.227,0.03280511276218529,-0.0020093688930052055,-0.0004553837375508874
4.228,0.032841314489157614,-0.0021962836091103735,-0.00045386170771482203
4.229,0.03279371254758879,-0.002338603724322555,-0.0004519068573831612
4.23,0.03265102487347656,-0.0025443356682810017,-0.0004504919272426649
4.231,0.03241617206638567,-0.002757116732116916,-0.0004487251157064529
4.232,0.0321809145792256,-0.002901867310423918,-0.00044744824414103777
4.233,0.03193276832273299,-0.003124947920841536,-0.0004454124695693537
4.234,0.031778348573027845,-0.003344527984747261,-0.000443716837106957
4.235,0.031687038064756784,-0.003627004873765497,-0.00044178654395625363
4.236,0.03164614875486935,-0.003910383029480283,-0.0004398473881698284
4.237,0.031648369017277675,-0.004153896025479029,-0.00043685601574894957
4.238,0.03166372501981758,-0.004408855087384821,-0.0004324673203050393
4.239,0.031573949804243356,-0.004601900268981447,-0.0004281979748772056
4.24,0.031394992934363965,-0.004776899694329619,-0.00042384854932167056
4.241,0.03111536777098424,-0.0049989144216960775,-0.00041730858161711983
4.242,0.030768787065356303,-0.005225056782228319,-0.000411549028191702
4.243,0.030385646694134662,-0.005471706554301779,-0.00040395465727921726
4.244,0.030027577898357867,-0.005706727089071836,-0.0003953980616595423
4.245,0.029798679087285816,-0.005929852229236331,-0.00038787449218843353
4.246,0.02968231340405528,-0.0061319113957665344,-0.00037953518619747776
4.247,0.029754267008967748,-0.006306231321684555,-0.0003718781479114597
4.248,0.029942382832158786,-0.006467448049700916,-0.0003632262285647418
4.249,0.030178944082021833,-0.006588361885099207,-0.0003562043381080261
4.25,0.03042869367419472,-0.006744572799533145,-0.0003502510701469469
4.251,0.030603351970939052,-0.006879569706661502,-0.0003458948851690007
4.252,0.03064346497964135,-0.007030622707480172,-0.0003398191611194563
4.253,0.03055427876607164,-0.007182948780911438,-0.0003368896963094067
4.254,0.030358813606379327,-0.007333072290311228,-0.0003346974851448303
4.255,0.030188115461365912,-0.007456823899844454,-0.000333872636996061
4.256,0.03011715286150142,-0.007527967552518212,-0.00033520509649290897
4.257,0.030128634857528702,-0.007697989180616578,-0.0003380798610848393
4.258,0.030368663444860475,-0.007815842307441912,-0.0003421694568712246
4.259,0.030782701006918815,-0.007940947805963255,-0.00034946673163348415
4.26,0.03135292154495767,-0.008111384891772593,-0.00035822616264534983
4.261,0.031947618546165915,-0.008345864873892921,-0.00036752214549952807
4.262,0.032469375940019286,-0.008666937603555296,-0.0003779536694936453
4.263,0.032882027276001174,-0.00901988898834094,-0.0003896113644378524
4.264,0.03315250583173087,-0.009406605197579602,-0.0004014448514813551
4.265,0.033313113783290146,-0.00983507703164916,-0.0004119143186867563
4.266,0.033476374580886495,-0.010199275701315288,-0.00042399331907898644
4.267,0.03364305373268587,-0.010572657873600545,-0.0004318422110044924
4.268,0.03392007766308059,-0.010788320493593379,-0.0004417343836862345
4.269,0.0343128786411189,-0.011083769345331599,-0.00045106379793690717
4.27,0.03490001722824527,-0.01134097228820188,-0.000460576107207548
4.271,0.03558554017958014,-0.011618400757921678,-0.00046729815278494767
4.272,0.036263338963810336,-0.011870003301275812,-0.0004759150350262217
4.273,0.036925715397654525,-0.012064564208562514,-0.0004850487543391977
4.274,0.03746994735729281,-0.012237838522215862,-0.0004944733693461655
4.275,0.03780952128114253,-0.012350865506067035,-0.000505916343245794
4.276,0.03810621164589785,-0.012298528156856454,-0.0005179458749555227
4.277,0.03834158117374012,-0.012157298869812221,-0.0005301008925769227
4.278,0.038640077844414346,-0.011939080362033179,-0.0005459197825890714
4.279,0.03901456419777499,-0.01158948872822042,-0.0005635633659232583
4.28,0.03949041978971468,-0.011161624542131314,-0.0005818992017129654
4.281,0.0399997286802312,-0.010702259274587768,-0.000599058565214918
4.282,0.04052446607626081,-0.010364471836292482,-0.0006194722825011888
4.283,0.04097792915069245,-0.010049284485649375,-0.0006384613496337805
4.284,0.04128400495621188,-0.00972681177975548,-0.0006585586419749211
4.285,0.04136975205259698,-0.00943668781345439,-0.0006771551137353439
4.286,0.04135375705509243,-0.0091275938722446,-0.0006927224042728167
4.287,0.04119708080291071,-0.008806087772305668,-0.0007107757737307147
4.288,0.04106348630246584,-0.008480044297632838,-0.0007295971056330896
4.289,0.04097592800559919,-0.008075333275960155,-0.0007447385115599824
4.29,0.04105772081635407,-0.007664877292231975,-0.0007592704448469968
4.291,0.04124379968801571,-0.00725103853699352,-0.0007743162558762176
4.292,0.041529890395489835,-0.006881633563364745,-0.0007894176057993454
4.293,0.04173830237451642,-0.006607030751198525,-0.0008056625044765026
4.294,0.041860566365109354,-0.006364889780201348,-0.0008199202846441785
4.295,0.04179077932281176,-0.006220022232060696,-0.0008337454051615177
4.296,0.04153372474096241,-0.005981624534613695,-0.0008473642541732454
4.297,0.04120614082589431,-0.005687082558049183,-0.0008587505487031226
4.298,0.04077038183680115,-0.005437195667119546,-0.0008668225858888064
4.299,0.040445127290350574,-0.005123354953160603,-0.000871535844332481
4.3,0.04028012751083919,-0.004831306248782946,-0.0008769957099762597
4.301,0.04028354500031636,-0.004604613091567525,-0.0008803863538677919
4.302,0.04039551621196345,-0.004306090560775237,-0.0008773688741763621
4.303,0.04056059739154946,-0.0040618778846452375,-0.0008761920273368704
4.304,0.04064213356217642,-0.003827752208443558,-0.0008722211736878993
4.305,0.04046257998774846,-0.00354093742785617,-0.0008658827504146562
4.306,0.040161044630685976,-0.0031872043422714203,-0.0008594193678177426
4.307,0.03963481983685041,-0.002766754912852637,-0.0008465668473948028
4.308,0.03901947339017195,-0.002331066398003588,-0.000833905447701496
4.309,0.038412568141924466,-0.0018259003205244387,-0.0008181897552591576
4.31,0.03805592201130512,-0.0012492024796541684,-0.000801994904034157
4.311,0.03791223512242091,-0.000649833514667672,-0.0007829880243556496
4.312,0.038019014089294215,-0.00012452013580492582,-0.0007598995770911856
4.313,0.038372721356462476,0.00041640537027062136,-0.0007369621820775573
4.314,0.03884404416149211,0.0009717082578969347,-0.0007149480132599623
4.315,0.03923597573836198,0.0015904737866207844,-0.0006930035266574944
4.316,0.03950313828876214,0.0023465642339991107,-0.000671916746607857
4.317,0.039493681766543484,0.0031712261152167832,-0.0006524432196019888
4.318,0.039351677516502814,0.004097215216827599,-0.0006316886414967992
4.319,0.03910945959695974,0.005068086156669399,-0.0006172618637359977
4.32,0.03885355186232052,0.00614451540761575,-0.0006103814125079032
4.321,0.03872498164382979,0.007255458893410477,-0.0006029961853735163
4.322,0.038741426651055615,0.008244001165811143,-0.00059777343519381
4.323,0.03892424817377436,0.009221296451335126,-0.0005957863462228241
4.324,0.03919949156742003,0.010251600193948593,-0.0005949643642141314
4.325,0.039525694844650815,0.011287282686298257,-0.0005940526038288067
4.326,0.039679164829745234,0.012255543576134422,-0.0005975083926595822
4.327,0.03961802571015336,0.013281859758936525,-0.0005983780928923328
4.328,0.039402755972302424,0.01432269762241331,-0.000601876515321161
4.329,0.03901243345024011,0.015383966916318742,-0.0006040419785632934
4.33,0.03853884299242854,0.016510820160820852,-0.0006009240327864656
4.331,0.03816174630884694,0.017527962336364222,-0.0005971827559083599
4.332,0.03803669912340112,0.018411590111273607,-0.0005919619085151238
4.333,0.03818097158804993,0.01910684452211571,-0.0005882865767795172
4.334,0.03858305555218571,0.019752990817989036,-0.00058051166441271
4.335,0.03913756930464296,0.020256272194716977,-0.0005751443908955861
4.336,0.03974106388537702,0.020660227026196173,-0.0005689139409487939
4.337,0.040215078529490494,0.021069130914352363,-0.0005659869745336228
4.338,0.04045086001712617,0.021501409668239685,-0.0005584875616000022
4.339,0.040408544806456156,0.02196953458441006,-0.0005513351182815925
4.34,0.04003735403915988,0.022420536676953165,-0.0005463741206639457
4.341,0.03958147063166684,0.022794499810163474,-0.0005431756957179096
4.342,0.039084891312600976,0.023119069865778927,-0.0005410521497743958
4.343,0.03875847750007426,0.023331375745358013,-0.0005358319185215391
4.344,0.03870366107526328,0.023448057411859735,-0.0005283820564490503
4.345,0.038862972728523404,0.023428067696443608,-0.000525190992930819
4.346,0.0392491523584708,0.023350837117248113,-0.0005225730849407535
4.347,0.039786503695327095,0.023204018403090984,-0.000518334401557742
4.348,0.04032535118906974,0.023063933137070752,-0.0005111924514217072
4.349,0.0406762066607666,0.022984278348062853,-0.0005052666584794657
4.35,0.04081366290781639,0.022969890467410513,-0.0004987953460652433
4.351,0.04071462794763126,0.022959715884193134,-0.0004896174679168242
4.352,0.04045822546501654,0.022894002854391027,-0.0004798519605228029
4.353,0.04010813051787869,0.022686723131473546,-0.00047185646808756284
4.354,0.039824733969928645,0.022335238219728465,-0.0004614280021974923
4.355,0.039701362968038556,0.02197882836297911,-0.00045135889112352107
4.356,0.039794475939158094,0.021533351274773377,-0.00044139499508042454
4.357,0.04012074614416533,0.021066527877514132,-0.0004301227068173449
4.358,0.04059841014726242,0.020672968091605404,-0.00041878182763248676
4.359,0.041117090113006606,0.020308291511684895,-0.0004074509879114757
4.36,0.041612142569630174,0.019987477097914,-0.00039434948758905095
4.361,0.041987601436413696,0.019804549711786607,-0.00037828518563763375
4.362,0.04227482606774119,0.019697215254344376,-0.0003606452586979261
4.363,0.042454524344114286,0.0196265545289558,-0.00034274950664783897
4.364,0.04258872837926518,0.019533937657357184,-0.00032513437935845034
4.365,0.042762482261397235,0.019397327672247708,-0.00030440863111405174
4.366,0.04293987738811434,0.019151488651655862,-0.00028434481697795226
4.367,0.04315016682451338,0.01896720129993905,-0.0002645436598617457
4.368,0.04347497897513003,0.018752382347025393,-0.00024302689609931322
4.369,0.04389473654220093,0.01861880515540515,-0.00022276042614332193
4.37,0.04429120876019043,0.018570600702994683,-0.0002053693927347139
4.371,0.04477852867972216,0.018539358262814817,-0.00018367826124456903
4.372,0.045372601071392855,0.018521766054910377,-0.00016314502062555623
4.373,0.04599622309449357,0.01853804311606501,-0.00014260982285474534
4.374,0.04647990759512963,0.01857255266251523,-0.00012403108825365122
4.375,0.04706842746886666,0.018513770814626643,-0.0001054186362763163
4.376,0.0477438590667739,0.0182991283122817,-8.617193120337001e-05
4.377,0.04842283276698203,0.01803049453387824,-6.547900874383499e-05
4.378,0.049008729097493375,0.01767666151359068,-4.733977070057668e-05
4.379,0.04963460078709214,0.01723464463257568,-2.6254915908410065e-05
4.38,0.05028184482914003,0.016665407589425238,-4.491252010226728e-06
4.381,0.050834599599555816,0.016148284343074026,1.8225490447866858e-05
4.382,0.05135695881285671,0.01559605198123891,3.998145077911588e-05
4.383,0.05204942512787273,0.01493658162522793,6.86365767870427e-05
4.384,0.052752966059814034,0.014150698446535909,9.98690834266302e-05
4.385,0.053364969165994355,0.013306240637493694,0.00012770944632590188
4.386,0.05403296793699984,0.012215479557395797,0.00016427489885557152
4.387,0.05461158582317382,0.011024738326290737,0.0001987547995570771
4.388,0.0552044265308724,0.009686635179550415,0.00023644369183093079
4.389,0.05570674735072512,0.008259388108560958,0.0002796930912056351
4.39,0.05611127633837868,0.006851271829917446,0.0003240155318535679
4.391,0.05645450680964284,0.005301486406696337,0.00037524578507416027
4.392,0.05682116577323718,0.003905179852635998,0.00042280085823840887
4.393,0.05706304839677237,0.0025328456048069187,0.0004713356639598482
4.394,0.057177828023521705,0.001162606897888073,0.0005183770721786565
4.395,0.05727332923563385,-0.00016427346888314015,0.0005674959875525043
4.396,0.05733993239870697,-0.0014403183187297053,0.0006101194455653312
4.397,0.05733588184722368,-0.002742996519879075,0.0006534324803279148
4.398,0.05727638102644239,-0.00389011341907379,0.0006994453431270338
4.399,0.05727079707562345,-0.0051728198070449816,0.0007378631837277325
4.4,0.05732033709818763,-0.006230920752831867,0.0007799673562719588
4.401,0.05757376146054705,-0.00717065908524836,0.0008194484240444435
4.402,0.057864825970784836,-0.00801032317574657,0.0008578872598823175
4.403,0.05829537324739256,-0.008673515132905714,0.0008924340897749987
4.404,0.05883493129713948,-0.009274782892607435,0.0009268518642083275
4.405,0.05937286421574951,-0.009684353315799595,0.0009598739983161254
4.406,0.05987333663385658,-0.009958203039708406,0.000986847273327253
4.407,0.06033799709637447,-0.010276574818936401,0.0010089262198825458
4.408,0.0607125651628746,-0.010419115637681917,0.0010284383527949215
4.409,0.061144857578901576,-0.010468633872123302,0.0010440668760520468
4.41,0.06156023824769993,-0.010449253074374158,0.0010542509052805828
4.411,0.06207274172867725,-0.01046639827382162,0.0010585552137755306
4.412,0.06283674060865145,-0.010288002679856488,0.0010608335530293
4.413,0.06382790446927901,-0.009982628362197217,0.0010551398468887927
4.414,0.06507153381672975,-0.009523427633691892,0.001046321139439228
4.415,0.06637408732140465,-0.009033442281594715,0.0010313916884504915
4.416,0.06774652152986474,-0.008645674606257377,0.0010146309041948994
4.417,0.06917028180292947,-0.008237224433714614,0.0009952569564200889
4.418,0.07047832122402206,-0.008002566772679957,0.0009758916697306078
4.419,0.07170517966329829,-0.007789807044690662,0.0009569059530969194
4.42,0.07271219978367932,-0.007719649236418519,0.0009393421088023694
4.421,0.07376518348029246,-0.007747481048954286,0.0009216519464876906
4.422,0.07486032055123958,-0.007909931195970936,0.00090321670119548
4.423,0.0759428634585082,-0.008322242361246186,0.0008862632602244782
4.424,0.07698474804615783,-0.008922192219348868,0.0008733719691245972
4.425,0.0780864983210749,-0.009678441911701736,0.0008638028686366046
4.426,0.07901360871085807,-0.010450460824997686,0.000862538644639149
4.427,0.07967403684322262,-0.011469486569203819,0.0008625134883522812
4.428,0.07995039540406011,-0.01269701033649586,0.0008677460579974796
4.429,0.07985807113531643,-0.013841579110590922,0.0008779756022408021
4.43,0.07938166534967546,-0.01508013344973262,0.0009007473817464614
4.431,0.07859538383900876,-0.016209672692736436,0.0009221917952790691
4.432,0.07772772870133779,-0.017165170258370274,0.0009490518218126379
4.433,0.07683852467286563,-0.01796067637517796,0.0009766837459886859
4.434,0.07615253370658538,-0.018555745161218835,0.0010013853864950582
4.435,0.07566054053372351,-0.018886829430381252,0.0010179419443802327
4.436,0.0753558307992448,-0.01881822410418295,0.0010332268105921717
4.437,0.07521289350385349,-0.01847971969857108,0.0010431535015782828
4.438,0.07518019492949826,-0.0177839012990147,0.001043966460410441
4.439,0.07501980010705814,-0.016761267525389974,0.0010438393970235466
4.44,0.07467051369897931,-0.01567328897544781,0.0010383246365337757
4.441,0.07422002269341726,-0.014425117119477505,0.001023761660651892
4.442,0.07373674575086686,-0.012942162654346499,0.0010088537962051759
4.443,0.0731980153200082,-0.011385377290109057,0.00098802437694145
4.444,0.07276276600866788,-0.009758627963966418,0.0009696928555841477
4.445,0.07251109705190405,-0.008050098158287347,0.0009505416743787595
4.446,0.07249595751242363,-0.006538291477643798,0.0009274956846230497
4.447,0.07266578257170564,-0.005110037448178962,0.00090413696285019
4.448,0.0730711861557082,-0.003677818125137501,0.0008832031278708816
4.449,0.07347602506900866,-0.002353229337127333,0.0008621918165006323
4.45,0.07373231253579007,-0.0011687876708322727,0.0008436035973244671
4.451,0.07398977100793447,-0.0003580803555543327,0.000826198909701371
4.452,0.07412641836219766,0.00035580899383396564,0.0008075467045170247
4.453,0.07413645663082499,0.0008868257769399715,0.000795845702707297
4.454,0.07404186477037882,0.0011108283847068006,0.000784784567746047
4.455,0.07406497585924662,0.0010889440636096923,0.000781164336901024
4.456,0.07423456738544255,0.0010699904004564352,0.0007855169531938855
4.457,0.07448954501030308,0.0008334620298270888,0.0007946506266768916
4.458,0.07501143524878244,0.00036113228809093664,0.0008090452285903226
4.459,0.07555938053873318,-0.0001188362332677495,0.0008258589150236051
4.46,0.0760851569259001,-0.0005402334572768238,0.0008526317600654605
4.461,0.07672659311437247,-0.001024696020325318,0.0008858235787085446
4.462,0.07724039849689598,-0.0014645283491635033,0.0009210129317142435
4.463,0.07759710245073032,-0.001873844985537049,0.000955882881170995
4.464,0.07785456708950136,-0.0022627033449905687,0.0009992315775482188
4.465,0.07797282395761912,-0.002528169076557979,0.0010425562945754311
4.466,0.07797458994709913,-0.00265562201988105,0.0010846089187132894
4.467,0.07791623784428638,-0.002635221206995722,0.0011276905528843576
4.468,0.07781827620466694,-0.002458549841355362,0.0011697925188685957
4.469,0.07773895711910335,-0.0022488873858981834,0.0012075884039358482
4.47,0.07764972218856725,-0.001868951051786913,0.0012442215049824623
4.471,0.07762428916162131,-0.0014393721586854738,0.0012823542211855051
4.472,0.07747436601995818,-0.0008478263371859964,0.0013107387956030826
4.473,0.07731371094842665,-0.00022875004366421613,0.0013298508260707691
4.474,0.07711772157517433,0.00041668807012343843,0.0013487069012231164
4.475,0.07697643792998426,0.001031494079923102,0.0013635642631798807
4.476,0.07684516590388756,0.0016595859691761593,0.0013694174676598051
4.477,0.07686344164664113,0.002139662106870735,0.0013751852897978605
4.478,0.0768371094900463,0.0025992169827017755,0.0013797894578688825
4.479,0.07694460073709322,0.002912189091798339,0.0013881621315111731
4.48,0.07717007031522351,0.0031517270144903343,0.0013961336296278153
4.481,0.07753618752840832,0.0031867362268610654,0.0014078211593396544
4.482,0.07796810662461182,0.003127767838591731,0.0014264979025031244
4.483,0.07858562293279513,0.0028917250617542904,0.0014556199923352285
4.484,0.07921110065800632,0.002599369928614304,0.001488157301180381
4.485,0.07984835606674437,0.002205573099898387,0.0015226592807287727
4.486,0.08041896234757508,0.0017388748699484306,0.0015604519848643923
4.487,0.08084423320120612,0.0013115751946865886,0.0015919786330979837
4.488,0.081194944599761,0.0009170636620134225,0.0016196769465721991
4.489,0.08145535013447877,0.0006514680147542765,0.0016414342343960195
4.49,0.0815920137160256,0.0004283283359688538,0.0016546918426910506
4.491,0.08164583068394611,0.0002820498520619396,0.001660721210875408
4.492,0.0816189886212533,0.0001354977177103374,0.0016591306553559552
4.493,0.08152671856578955,-9.238490675022876e-05,0.0016534960287419302
4.494,0.08137904115840705,-0.00034913762821210323,0.0016457799425591778
4.495,0.08110124516220045,-0.0006782461134474671,0.0016382261176705276
4.496,0.08077634117932413,-0.0011964382806706197,0.0016326351592811073
4.497,0.08034656742625959,-0.0018296719368394027,0.0016294616744291532
4.498,0.07970218340962765,-0.0024927265530930824,0.0016258211328789192
4.499,0.07899239093099066,-0.0031980431822705817,0.001617690751729638
4.5,0.0781342569280971,-0.0039840392538806,0.001609914135915895
4.501,0.07718286317958799,-0.004759670820175291,0.0015997893926208687
4.502,0.07636143829464659,-0.005429084768968009,0.0015861230153774082
4.503,0.07558924504928435,-0.006008173551643124,0.0015666331958076975
4.504,0.0748606487013795,-0.0066815017203828275,0.0015466308808175992
4.505,0.07436943332123963,-0.007314234584745421,0.0015171888970902866
4.506,0.07388212408806091,-0.007872728962867075,0.0014853332795543707
4.507,0.07352137703197362,-0.008505112561049077,0.001449156357537565
4.508,0.07312825475062407,-0.009135002955219363,0.001412354148898644
4.509,0.07276164529832656,-0.009772970364136184,0.0013768703800983513
4.51,0.0722741312454937,-0.010449369354386792,0.0013422282591304454
4.511,0.07170784951796394,-0.011099082103383036,0.0013160391404183226
4.512,0.07114290584675075,-0.011706801320555595,0.0012950153757636757
4.513,0.07056302327046873,-0.012164072334693726,0.0012818626716385763
4.514,0.0700173331902574,-0.012374107725449498,0.001279318148867324
4.515,0.06955609534296825,-0.012616390770010144,0.0012801820390231367
4.516,0.06915328927380383,-0.012571223437132068,0.0012841079696540604
4.517,0.06872346489061557,-0.01229251637060198,0.0012896711551026482
4.518,0.06842710646551423,-0.01176872489442983,0.0012964663505513586
4.519,0.06812432469036547,-0.011081916199067326,0.0012964231100369087
4.52,0.06781880102058727,-0.010075266016289835,0.0012944211880299118
4.521,0.06764217523551351,-0.008840126338646294,0.0012913169682660446
4.522,0.06748166081574113,-0.007471313764600058,0.0012848968960067811
4.523,0.06735322813745959,-0.005838090498660299,0.0012771018828574127
4.524,0.06723086052286797,-0.0039961458130670004,0.0012702182298739485
4.525,0.0670943207436607,-0.0019784778423774683,0.0012574233516307112
4.526,0.06694261580824062,0.00011053298090989367,0.001242059523658346
4.527,0.06671550955538458,0.0023512484052813465,0.001225331113420442
4.528,0.06649341184729798,0.004814473574248029,0.001213171286355827
4.529,0.06631046371192204,0.007213146576264446,0.001204384063136054
4.53,0.06616141112973953,0.009613941291820388,0.0011848651599282
4.531,0.06625842579787597,0.012034350304868505,0.0011729951103896389
4.532,0.06634304560698717,0.014349851450689507,0.0011512920475222406
4.533,0.06660273421235235,0.0166280761896378,0.0011280927879539764
4.534,0.06691996251078718,0.0187132374018675,0.001107487391497425
4.535,0.06718649132826726,0.02069853010044014,0.0010857287906422086
4.536,0.06730319858225171,0.022547453698586198,0.0010618906258828755
4.537,0.06720990456517245,0.02427279698564767,0.0010463702351356924
4.538,0.06670160180874973,0.025924790731946278,0.0010232484576486066
4.539,0.06594174828313572,0.027381566799787874,0.0010002668934519989
4.54,0.06501422608932683,0.028580119934570734,0.000986279344119234
4.541,0.06402751350549066,0.029609611492836238,0.0009735286596321019
4.542,0.06325094914147468,0.030367139899749915,0.0009635839248299691
4.543,0.06272115242665,0.03087201507034497,0.0009554650758352158
4.544,0.06248167385119587,0.031034792138519757,0.0009480727003851065
4.545,0.062394562696282116,0.031064942170493062,0.0009457679238161309
4.546,0.06242025968884087,0.030862283467412228,0.0009448807282410311
4.547,0.06231483830365547,0.03054875465043308,0.000949984081469262
4.548,0.061979332231862465,0.030224460915286647,0.0009570463943230563
4.549,0.06131895995008646,0.02977692446969518,0.0009640964001351832
4.55,0.060350381717577006,0.02937370415228337,0.0009685312593534556
4.551,0.05920704314585098,0.028883249901796634,0.0009706340883015417
4.552,0.05812547473573134,0.028408292405951885,0.000976105151028212
4.553,0.05725468235690574,0.027729713996026917,0.0009816470267688243
4.554,0.05672520096015253,0.027016101869369494,0.000985910506177798
4.555,0.05658267344142727,0.026219116564866723,0.0009959255726795036
4.556,0.0567759976561034,0.025314436350108986,0.001005129732078398
4.557,0.05712469567152138,0.024351136367841697,0.0010158238924154648
4.558,0.05754787390531262,0.023424088820965323,0.001025482281593464
4.559,0.05759707398193015,0.022307455061993667,0.0010438104685077565
4.56,0.05756236896493891,0.021255369572510154,0.001060519572965409
4.561,0.05750041006987204,0.020123318230931008,0.0010818343369162413
4.562,0.057181888644705844,0.018950636903627006,0.0011028985290783089
4.563,0.056888024918870975,0.01785546960933762,0.0011284703764297976
4.564,0.05688215581723895,0.016470234795207178,0.0011588433857407823
4.565,0.05699120296220952,0.015097254200958532,0.0011870653098803392
4.566,0.05725850582851448,0.013675243179338534,0.0012159324188956025
4.567,0.05768450310589987,0.012163338978563115,0.0012462253467016306
4.568,0.05814614566003924,0.01060512815183081,0.001276756165094449
4.569,0.05854060657653798,0.008933130711481788,0.0013069120115784044
4.57,0.058853988936108756,0.007155649521771598,0.0013393046370708606
4.571,0.059016647751377625,0.005514249258886314,0.0013654616029683897
4.572,0.05905017032751387,0.0039264926592270585,0.001396225089252184
4.573,0.059021703682920486,0.0023429761949495184,0.0014231671074074388
4.574,0.058949354998804895,0.0004862309429819883,0.0014453605313957058
4.575,0.05896222435105077,-0.0013292081309805859,0.001464686465597759
4.576,0.05909647516265657,-0.002932156478060652,0.0014853338898957592
4.577,0.05918795476213183,-0.004435675036890595,0.001510654198408036
4.578,0.05940071503442257,-0.006020247166065869,0.0015366236501355287
4.579,0.059595178921109215,-0.007462039594809941,0.0015598858063649065
4.58,0.05957074500807949,-0.008881760228710955,0.001575058536006154
4.581,0.05946071987731733,-0.010270644729172239,0.0015899143085019562
4.582,0.05936032222905871,-0.011627912506069066,0.00160348042089509
4.583,0.05920587320676793,-0.012904803695050225,0.0016123010579513555
4.584,0.05905926050063123,-0.014167671946731956,0.0016220496520744695
4.585,0.05891399146645317,-0.015308453300896162,0.0016288683542572766
4.586,0.05868347135886119,-0.016331006562185856,0.001627894505423921
4.587,0.05838738322977832,-0.01732023356255378,0.0016160948470968495
4.588,0.057900706105129846,-0.018246538234019796,0.0016030015582222533
4.589,0.057237935877072994,-0.019000036906185517,0.001587253397718904
4.59,0.056377927669531654,-0.019613459192508276,0.001566946869251096
4.591,0.055523421596630554,-0.020022629889968082,0.0015483299915011644
4.592,0.05474455993488923,-0.02041787933419409,0.0015285625369375866
4.593,0.05405771944144125,-0.020861849244145258,0.0015044836708315358
4.594,0.05356620761452755,-0.021196275902367796,0.001480425508492015
4.595,0.05323818813026669,-0.021460576397756698,0.0014556939409600509
4.596,0.0530531644604585,-0.021760933928662525,0.001433667683540676
4.597,0.052953570639479274,-0.021874501532213896,0.0014160861124524536
4.598,0.052843699661721116,-0.021794010088736018,0.0014028454683686434
4.599,0.05275995833931809,-0.02160913854883379,0.001390206083806057
4.6,0.05264622764609931,-0.02136582803665331,0.0013731832860072867
4.601,0.05251409278909297,-0.020971283511808155,0.00135673597600924
4.602,0.052470921045587454,-0.020570474941495675,0.0013403377511789273
4.603,0.05245985112933109,-0.020107572289209848,0.0013270915311152812
4.604,0.05257596543744438,-0.019638247204938376,0.0013093322309998673
4.605,0.052791836852435346,-0.01913545081583292,0.001293342187881836
4.606,0.052946845876780516,-0.01858992054975833,0.0012749562155170788
4.607,0.0530939466529466,-0.018114508641808896,0.0012563289884571748
4.608,0.0531528535481772,-0.017599487655361234,0.0012353692065379155
4.609,0.0531468963996602,-0.017025051556967923,0.0012116471046132442
4.61,0.05299775910462921,-0.016479537495256782,0.0011846264546407394
4.611,0.05264458354595658,-0.015770323641408873,0.0011662038675902108
4.612,0.052309897169224115,-0.015092543788420482,0.0011463956565364928
4.613,0.052051180993313184,-0.014395681564800845,0.0011231502738953748
4.614,0.051776093024761896,-0.013756457499952003,0.001100835374134232
4.615,0.05165146061380323,-0.013323278038687745,0.0010790894463261918
4.616,0.05166413190819855,-0.012771207877373576,0.001059596051203244
4.617,0.05171599683581496,-0.012324503093618419,0.0010382950012325163
4.618,0.051731322307706745,-0.012026646526978789,0.0010143301696994796
4.619,0.051625857034257004,-0.011797519462279547,0.0009968459649922583
4.62,0.051351106313125595,-0.011590714916004254,0.0009800545050367218
4.621,0.05099503419767841,-0.01150742009107319,0.000958681752671534
4.622,0.05058305298838612,-0.011411886524563548,0.000942629662622459
4.623,0.05020837228736832,-0.011306715515067338,0.0009235190340553547
4.624,0.04987486471239316,-0.011263215648022386,0.000903330777955976
4.625,0.04959582336546341,-0.01122121958497394,0.0008831107039142989
4.626,0.04951396348088387,-0.011045156057566084,0.0008568239851408731
4.627,0.04959932209962409,-0.010936364912710259,0.0008317986549774821
4.628,0.0497488732309932,-0.010784171045575868,0.0008067907073483868
4.629,0.04992081085059957,-0.010636057244233468,0.0007806869738051299
4.63,0.05002824630272513,-0.010289907036315105,0.0007501572741239052
4.631,0.05002181361304141,-0.010167963496269548,0.0007192923886391008
4.632,0.04987720744849361,-0.010065012652277897,0.0006910733966028848
4.633,0.049678144837978666,-0.009781828297409326,0.0006610105791072368
4.634,0.04952333644751314,-0.009601589375594811,0.0006329357452908952
4.635,0.04937638937581608,-0.009275769595665569,0.000608991178723706
4.636,0.049340903626907545,-0.008817102495209964,0.0005858741760708666
4.637,0.0493451192845025,-0.008309138491568946,0.0005633769193071596
4.638,0.049454732468131105,-0.007829020324041421,0.0005413194332837597
4.639,0.049525000669200576,-0.0071328139847196305,0.0005180024160598673
4.64,0.04962089308005731,-0.006384577046412834,0.000496665331517659
4.641,0.049541889025100816,-0.005656903660180554,0.00047824135325839467
4.642,0.04941671608702483,-0.005067023451181603,0.00045624477561110135
4.643,0.04900041291584591,-0.004503219355899563,0.00043438719560931504
4.644,0.04850524056228553,-0.004062318150239559,0.00041161580693599594
4.645,0.04801813861352678,-0.003614128606242495,0.0003901303938458685
4.646,0.04751054209944686,-0.003211637226264552,0.0003637266619137322
4.647,0.04706341164784995,-0.0027230015105571756,0.000337287414925187
4.648,0.04663008848670058,-0.0022132017187272562,0.00031585920140850976
4.649,0.04633476953020521,-0.0016858459754409277,0.0002876572565268828
4.65,0.046065284357926034,-0.001156155435824431,0.0002573922815601819
4.651,0.0459062228220067,-0.0007302449925052565,0.00023192643851539517
4.652,0.0457435457369755,-0.00034919778783850525,0.00020487657103918934
4.653,0.045644910083610005,-8.871101765491052e-05,0.00018817757200865023
4.654,0.04564321606252446,0.00011246999823862763,0.00016833424551992488
4.655,0.04570071085469769,2.850796812442491e-05,0.00015236278142644353
4.656,0.04583508351157592,-0.00019797326182442038,0.00014228460946452107
4.657,0.0459470183642334,-0.0005624694522625845,0.00013430261956450294
4.658,0.04606364687279729,-0.0009427691220086631,0.0001309005823312442
4.659,0.046047426488921836,-0.0012721628157441739,0.00013348677721348534
4.66,0.045985054905576486,-0.001674978674907665,0.00013536894110201237
4.661,0.04582678875366421,-0.001937349529811054,0.00013765489440114177
4.662,0.04557111688846111,-0.002167544628630398,0.00013978958523683265
4.663,0.04525734132512897,-0.0024125011575739097,0.0001393290203023342
4.664,0.044965079149043054,-0.0026706709996739547,0.00013828098001235378
4.665,0.04465404440877941,-0.002826337404004599,0.00013868864023428907
4.666,0.0444034555183985,-0.0031801823742613755,0.00013150601274228567
4.667,0.04432438909949005,-0.003521761010020573,0.00012461740019119598
4.668,0.04428462532098644,-0.003772922181064106,0.00011749557850604657
4.669,0.04423130781719038,-0.004006650876471035,0.0001069083296155418
4.67,0.04409883522453323,-0.004190545154599434,9.536928881121663e-05
4.671,0.04388350879047946,-0.004434275533299933,8.808379124613922e-05
4.672,0.043604727387997214,-0.0047725312738278736,7.860374661957189e-05
4.673,0.043278880181134585,-0.00511555090795171,6.952839749240289e-05
4.674,0.04295245999937673,-0.0054992230850762075,5.42850482328081e-05
4.675,0.04264917424269335,-0.005915923662354189,4.034427410312875e-05
4.676,0.04241828417983852,-0.006301386575414812,3.181663753076087e-05
4.677,0.04237985660143906,-0.006682017179371211,2.0826722779758943e-05
4.678,0.04246357708077887,-0.006973403677164328,7.936540486106012e-06
4.679,0.04267544837941256,-0.007261920551330986,-6.188622713355777e-06
4.68,0.04289763642232834,-0.007506950296991846,-1.6036503147141335e-05
4.681,0.04300432275693562,-0.007798381061876317,-2.4057382378238465e-05
4.682,0.04303678403058343,-0.00803003835607495,-3.0476115402018112e-05
4.683,0.04298307979500737,-0.008237019932012063,-3.670982509385934e-05
4.684,0.042795558598917705,-0.008403567478700844,-3.938024999048371e-05
4.685,0.04261288186486764,-0.008571527380761251,-4.13168879373647e-05
4.686,0.0424358108191531,-0.008762003322244333,-4.394106606189221e-05
4.687,0.04231401787904561,-0.00892905574087588,-4.581895321130507e-05
4.688,0.04227631955528563,-0.00902607507809991,-4.761511115140946e-05
4.689,0.04233270702871464,-0.008998415831834042,-4.9596944807385056e-05
4.69,0.0423063162347795,-0.008967575740500722,-5.252234309092161e-05
4.691,0.042215956585019934,-0.009006951737599606,-5.862684452059537e-05
4.692,0.042076861234658314,-0.009044633959569157,-6.656327627600067e-05
4.693,0.041828633976614044,-0.009021157498342702,-7.212104372677158e-05
4.694,0.04148629600383355,-0.009088375311570376,-7.900913074636214e-05
4.695,0.04115070733565894,-0.009130513545539815,-8.88668331826849e-05
4.696,0.04083381357895241,-0.009140170384718468,-9.606425891688824e-05
4.697,0.040609747168229016,-0.009172759180308923,-0.00010192574733174374
4.698,0.04056008011867847,-0.00920273212293711,-0.00010948832685033096
4.699,0.040606925576615716,-0.009270340130251145,-0.00011867461748955925
4.7,0.040728353738857775,-0.009318337287135478,-0.00012774637850509893
4.701,0.04090360288117394,-0.009402824627838785,-0.00013424593464939218
4.702,0.04096571439552568,-0.009395454140814774,-0.00013923830269208366
4.703,0.04094140664040842,-0.009480369913954526,-0.000142168775072873
4.704,0.04070822910432734,-0.00956731811644869,-0.0001436888296353666
4.705,0.04044035719326568,-0.00966154611915404,-0.00014351757885310977
4.706,0.04012240140206516,-0.009707324627081071,-0.00014265353257819744
4.707,0.03986509166501406,-0.009634441966093962,-0.00014038178675137414
4.708,0.03970083904817341,-0.009564158560801048,-0.00013875499492883202
4.709,0.03963854774768938,-0.009490252061806509,-0.00013629713846351497
4.71,0.039756580344984985,-0.00932770124054344,-0.00013366839365146113
4.711,0.03989940234235702,-0.009076705028237,-0.0001309358110634996
4.712,0.040131591655203705,-0.008846973556391455,-0.0001281180561288084
4.713,0.04028650644306611,-0.008634512862535582,-0.00012291022017066745
4.714,0.04036800461202669,-0.008490761996356844,-0.00011894934361220404
4.715,0.040331721810760446,-0.008298334774539382,-0.00011569720970918996
4.716,0.04022115467259099,-0.008077474570806556,-0.00011290373795420612
4.717,0.04008665698661547,-0.007866187659318166,-0.00010927883912092973
4.718,0.03999195027240944,-0.007646864888902663,-0.00010737732117574298
4.719,0.039905063960193735,-0.007457746729946632,-0.00010701789387254168
4.72,0.039884091516551284,-0.007274165809872994,-0.0001061445692483689
4.721,0.03996026971484161,-0.0070652174576068885,-0.0001051218124601249
4.722,0.04010060513634554,-0.00686585341654164,-0.0001066167502412203
4.723,0.04023303711790771,-0.006636213200809454,-0.00010992506164952351
4.724,0.04034772302072376,-0.006466421480211301,-0.00011312717945105382
4.725,0.04038763897033283,-0.006265831811279612,-0.0001175809683139968
4.726,0.04042480274209721,-0.006012034846600428,-0.00012148331153630335
4.727,0.04039984094918636,-0.005751086521804366,-0.00012754703897020108
4.728,0.040334325496942255,-0.0055055401234805346,-0.00013203924599805404
4.729,0.04022052577843603,-0.005267433296595431,-0.00013774535830634265
4.73,0.04010279563982354,-0.00497642283004069,-0.00014395319010219846
4.731,0.040002021517139524,-0.0047625459612195276,-0.00015094969970699877
4.732,0.0399914983906841,-0.004571661712547054,-0.0001572630727256952
4.733,0.0399536320962664,-0.004361102445575089,-0.00016425800573599146
4.734,0.03990534248173471,-0.004217272567671612,-0.00017162082891883422
4.735,0.039823463505356066,-0.004108163273992771,-0.00017924545739810352
4.736,0.03968692267476741,-0.004000984990318514,-0.00018601464744601404
4.737,0.03955044442509931,-0.0039067413900248996,-0.00019247321213322226
4.738,0.03937324646866219,-0.0037931320296942204,-0.0001959793952125787
4.739,0.03923276610955184,-0.00365589886458436,-0.0001996688111924149
4.74,0.039083818721946696,-0.0035794210907197227,-0.000201683829444419
4.741,0.03898378051035424,-0.0034891384590850644,-0.00020319386628919343
4.742,0.03894357814066854,-0.0034079156588739633,-0.00020544029418290762
4.743,0.038909365277998965,-0.00337400027099587,-0.00020712431276156517
4.744,0.038848968174955555,-0.003313407070216833,-0.00020731825925595737
4.745,0.03875602597062154,-0.0033292170556309467,-0.00020927537480960542
4.746,0.03857177398058835,-0.0033504484954421307,-0.00021089449387223254
4.747,0.038348394776249385,-0.0034542423086977737,-0.00021261228781681272
4.748,0.03809928031593568,-0.0035772398208921453,-0.0002159464045234557
4.749,0.03780674136901622,-0.003732831632427052,-0.00021728895678210748
4.75,0.037559611477341125,-0.0038190401155012666,-0.00021978821008863725
4.751,0.03739700660698997,-0.0038381131029304114,-0.00022140195566415282
4.752,0.037267804284966184,-0.00385648504083665,-0.0002228203291232879
4.753,0.03723302493247926,-0.003874461521679905,-0.00022289755489006793
4.754,0.037232224272694424,-0.003847886010364659,-0.00022343266150263096
4.755,0.03725601735238702,-0.0037956582478339673,-0.0002233577519525157
4.756,0.03726531415384389,-0.00370391437696692,-0.00022150145218742556
4.757,0.037211234411918086,-0.0035691347038641955,-0.00021914574019927553
4.758,0.03706254333098993,-0.0034313559866248826,-0.00021439808695113526
4.759,0.03688359451997814,-0.0033239340983182483,-0.00021118100665162886
4.76,0.03667717020681544,-0.003159742990000984,-0.00020821476453099284
4.761,0.0364463000489581,-0.0029695962088162157,-0.00020529294022409938
4.762,0.03625344579657269,-0.0027396610310700537,-0.00020186370383617493
4.763,0.03615072797078948,-0.0024759659577748908,-0.00019949744225618494
4.764,0.03618418003316705,-0.0021204863427261647,-0.0001966758056370969
4.765,0.03628753082943546,-0.0018008225689572985,-0.00019650804673984016
4.766,0.03644145947761398,-0.0014360415809180453,-0.00019668987067224426
4.767,0.036607596075094326,-0.0010471945194458106,-0.00019974146465392306
4.768,0.036766190570337795,-0.0007057573902115796,-0.00020582893904417935
4.769,0.03684808264291514,-0.0003072927162997216,-0.0002114386570960119
4.77,0.03683150997031004,7.273317648246944e-05,-0.00021815459376839163
4.771,0.03669276160886544,0.0004587360256138144,-0.0002260164859043668
4.772,0.036478561100007946,0.0008366259012255947,-0.00023303496748106707
4.773,0.03622686887463582,0.0012447815650298566,-0.00024312727442819153
4.774,0.03599918979808725,0.0016642861409094309,-0.00025296505559626876
4.775,0.035855257385877595,0.002094020735181723,-0.0002625952790040757
4.776,0.03575364012620169,0.0025437362811600514,-0.0002706237331375009
4.777,0.035743570135834214,0.0029638016804734227,-0.00027731281406286816
4.778,0.03572155088908104,0.0033832422054963646,-0.0002816352109896478
4.779,0.03569528161490241,0.003805157191228002,-0.0002862958128078731
4.78,0.035579372853734255,0.004101446564108095,-0.0002914577185813427
4.781,0.035348762723509626,0.004460150259587896,-0.00029431775796183066
4.782,0.035012057926538505,0.004804240955981323,-0.00029429916284514496
4.783,0.034576118183730936,0.005181763114495697,-0.0002939800383715464
4.784,0.03412800877215489,0.005559928549757731,-0.00029565276889599563
4.785,0.03374209784000305,0.0059694150204284285,-0.0002957284816757079
4.786,0.033504051682830105,0.006383780847816711,-0.0002951008158456357
4.787,0.03346313601895185,0.006812536117105972,-0.0002929523343384833
4.788,0.033582472504064265,0.007206144025549352,-0.00029339472313175434
4.789,0.03376815491730308,0.007450369840183019,-0.0002907446127459151
4.79,0.03397773128560691,0.007649015579747995,-0.0002896737426426562
4.791,0.0341050823198604,0.007764868799881898,-0.0002889404993461892
4.792,0.03411498709741041,0.00783251243769146,-0.0002880592736277247
4.793,0.033985507044152236,0.00786302556407581,-0.0002857159830296476
4.794,0.03374554606600445,0.007841413277488385,-0.00028335777821000515
4.795,0.03348556705210394,0.007828296159241493,-0.0002820871336492248
4.796,0.03332378163418914,0.00781651224477739,-0.00027991420586638327
4.797,0.033293676481389436,0.00782635895858566,-0.00027698282739680087
4.798,0.033462075697326524,0.007801949333100577,-0.00027437347288495977
4.799,0.03374211073582983,0.007841798948151027,-0.0002707704651569693
4.8,0.034059421536364334,0.0077091864999787735,-0.0002645134871048731
4.801,0.03431495230724028,0.007458298664350285,-0.00025933799851671175
4.802,0.034381708681715424,0.007077029192670087,-0.00025806963729969466
4.803,0.03424289989048751,0.0066628099394595575,-0.0002534582252299731
4.804,0.03388396427677276,0.0061489206820935505,-0.00025074066559423245
4.805,0.03336727189355142,0.005642537793615149,-0.00024602141083613174
4.806,0.03289052049324473,0.005143578616476463,-0.000240213925313458
4.807,0.03252532552596028,0.00471615068329212,-0.00023834810726679515
4.808,0.03235207868015953,0.004347123010469078,-0.00023515903714391216
4.809,0.03242414549691726,0.0040386923497383875,-0.0002325051030633573
4.81,0.03257125816432546,0.0036938685822548722,-0.0002314395426404371
4.811,0.03271568101100233,0.003392297350575904,-0.0002312723873795357
4.812,0.03272301657417776,0.003062211786151764,-0.00023207953127812018
4.813,0.03245788797970231,0.002694444915478947,-0.00023287554840630437
4.814,0.031892062376103675,0.0023553894140818377,-0.00023549102807840006
4.815,0.031109768380995093,0.001873227094013094,-0.00023836713513148973
4.816,0.030212432191453212,0.001420328117040126,-0.00024113269935158946
4.817,0.02940461794712576,0.0009375485756674684,-0.0002447543362652031
4.818,0.028828647299017685,0.0005527870752483621,-0.0002477438856354269
4.819,0.028557684460009697,0.00016846476886128725,-0.0002487766456439676
4.82,0.02857496219810668,-0.00023062204180235302,-0.0002503751674961071
4.821,0.028833478080045577,-0.0004897949660902512,-0.00025345949375428625
4.822,0.029077226377326168,-0.0006907704783314372,-0.0002522668996823072
4.823,0.02924704806785436,-0.0009709567158697197,-0.00025537115989397654
4.824,0.029167273729722554,-0.0013266292726381856,-0.0002560451087396989
4.825,0.028875026193266623,-0.0016270684912867428,-0.0002566005411710332
4.826,0.028400707860753854,-0.002040964457091232,-0.00025787287105697137
4.827,0.027925115311052906,-0.002478894119536418,-0.00026088869700224886
4.828,0.0276548254433924,-0.0029164683101866595,-0.0002636258100341866
4.829,0.02764434382140024,-0.0034307098892948917,-0.0002663631042838794
4.83,0.027905390268433694,-0.0039163657041135225,-0.0002691476963686736
4.831,0.028415232874912544,-0.004370000741638069,-0.0002694776939078127
4.832,0.02907572748644513,-0.0048090958592928446,-0.00026839781728192917
4.833,0.029701403437412358,-0.005143751749552811,-0.00026615416020774887
4.834,0.03026390177120189,-0.005435467135046501,-0.00026111521920099527
4.835,0.030693376374806694,-0.005752127911701432,-0.0002520304105068068
4.836,0.030950877177616534,-0.006086488056463613,-0.0002445301698973157
4.837,0.031125668614229746,-0.006401972404957157,-0.00023523442373164885
4.838,0.03130982858447695,-0.006659517104196544,-0.00022648323693177897
4.839,0.031615617474700486,-0.006969126118975183,-0.00021946648530330056
4.84,0.03206507348533377,-0.0073602991628047565,-0.00021835978844908554
4.841,0.032677409946922864,-0.0077781979862592,-0.00021943984629272544
4.842,0.03331680825567904,-0.008078548951886588,-0.00022030588596298528
4.843,0.03388188461605729,-0.008385390840877555,-0.00022809136332514296
4.844,0.03431269664814521,-0.008683349551369235,-0.00024033878434939678
4.845,0.03461317177687631,-0.008979542423733583,-0.0002563944965790382
4.846,0.03480938521480356,-0.009228446367442578,-0.0002759580409696415
4.847,0.034908904775736105,-0.009472726646893193,-0.000299585393605821
4.848,0.03504671523944486,-0.009700577879535183,-0.00032272055880855376
4.849,0.035295239156300645,-0.009947652498387943,-0.00034663604768154545
4.85,0.03566082738465501,-0.010226590540932473,-0.00036865128713365887
4.851,0.036103138088067366,-0.010547562748198042,-0.00038826883441644305
4.852,0.036528146739005535,-0.010927604897573467,-0.0004069159605997822
4.853,0.0368587874472453,-0.011286260411611515,-0.0004224205896243015
4.854,0.037043590088510756,-0.011696657141759215,-0.0004345828383018307
4.855,0.03704169201806054,-0.012134462660795098,-0.0004438586505140043
4.856,0.036919584992375826,-0.012554506887617695,-0.00044944595645949204
4.857,0.03675001974792366,-0.013022308865925314,-0.00045398274305605583
4.858,0.036676561963252086,-0.013512414044452165,-0.00045677204680258496
4.859,0.03678182830535007,-0.014036137608076593,-0.00045921123783872284
4.86,0.03709908640493617,-0.014529444889251508,-0.00046088587114964294
4.861,0.03758023344385872,-0.014971289297657342,-0.0004622473601730079
4.862,0.03812992950535854,-0.015363425774511802,-0.0004649241276911949
4.863,0.038612516149615764,-0.015699339107111437,-0.0004678643858309696
4.864,0.03894479913848321,-0.015966149262005208,-0.0004701239900679387
4.865,0.038999145510313554,-0.01616985384067493,-0.00047232125539581414
4.866,0.03884966115898793,-0.016258416142111654,-0.00047603549458427824
4.867,0.03848906112095582,-0.016247945878554687,-0.00047698145128625947
4.868,0.03805244955121337,-0.01623618462547391,-0.00048066814537535646
4.869,0.037651884166726546,-0.01609471999119988,-0.00048418594451306177
4.87,0.03745986001554971,-0.01582992969477487,-0.0004899493941202969
4.871,0.03743204102136069,-0.01551993005059149,-0.0004951316783744224
4.872,0.03753385052719768,-0.015002165808848333,-0.0004978811142139713
4.873,0.037718092250676793,-0.014397549897213535,-0.0005014534598971395
4.874,0.037859199973631755,-0.013722805379490222,-0.0005046682629417995
4.875,0.03782430447296781,-0.013084937861336021,-0.000509183303407285
4.876,0.037639182150945985,-0.01239026399023499,-0.0005154338663507146
4.877,0.03737517149434648,-0.011691176786012392,-0.0005213997361947541
4.878,0.036950652170328224,-0.01096405912411988,-0.0005279445967787997
4.879,0.03653006725868746,-0.010190916803122924,-0.0005340157541408189
4.88,0.036205503538389305,-0.00939670259579764,-0.0005382292482553288
4.881,0.0359675691864228,-0.008561119028024783,-0.0005414203117735587
4.882,0.03592034434213845,-0.007680620127475224,-0.000543408814243069
4.883,0.0359755416892015,-0.0067506512061552,-0.0005435748097103136
4.884,0.036041865950351415,-0.005805195082726283,-0.0005416453842302402
4.885,0.03605756733439504,-0.004913036815165528,-0.0005371968506823095
4.886,0.0360612441725011,-0.0040248753893077915,-0.0005324373474599334
4.887,0.03601233872193238,-0.00320873924340076,-0.0005278501823263671
4.888,0.035912581260766144,-0.0023570178843884404,-0.0005246457086939716
4.889,0.035825864616055386,-0.0015405845559321452,-0.0005204229724737541
4.89,0.0357364939473577,-0.0007470192740204606,-0.0005167558499026301
4.891,0.035748564902405425,9.064244193099369e-05,-0.0005154199125832825
4.892,0.035821403995342435,0.0009544012045951678,-0.0005123718298769034
4.893,0.0359520106121482,0.0018491520402389994,-0.0005112812614032427
4.894,0.036085600342620525,0.002659607751967996,-0.0005093650648195765
4.895,0.036235834129006245,0.0034251375412896468,-0.0005050171071278905
4.896,0.03640567859010854,0.004154665460331414,-0.0005027986393222131
4.897,0.036557697687041105,0.004757697357259588,-0.0004946233625604475
4.898,0.03675421707382209,0.00536903608084717,-0.00048404821901624454
4.899,0.03698137464017613,0.00581669035784925,-0.00047488820495207004
4.9,0.03725352231060651,0.006129160550242457,-0.00046761466775908705
4.901,0.037599990465794986,0.006459989285219361,-0.00045861031974989624
4.902,0.037931299074670445,0.006797214307300584,-0.00044900251660323284
4.903,0.03825656352900998,0.007190249089330178,-0.00044061865820085747
4.904,0.03847185129252434,0.007587982778313254,-0.00043367243652417983
4.905,0.03860888252906076,0.007956069387774364,-0.00042454361003633123
4.906,0.03865238515404859,0.008286263702327129,-0.0004186855828806742
4.907,0.038667002155399054,0.008617588042430818,-0.00041558007226646704
4.908,0.03863731751067264,0.00894347462379437,-0.00041292260443961243
4.909,0.03858812301379685,0.00921973429064911,-0.00041246829151779887
4.91,0.03857473859555522,0.009384010650151306,-0.0004146775172177689
4.911,0.03858969774914063,0.009623596897942094,-0.00041544370590282007
4.912,0.038679769541878024,0.009864628663176639,-0.00041648014463186914
4.913,0.03874998499932886,0.010054650089419359,-0.00041966433999703463
4.914,0.03877033982517404,0.01025328406974857,-0.00041987234174081426
4.915,0.03869960935328364,0.010414549976181575,-0.0004244872875568364
4.916,0.03854963992043417,0.010657164414906328,-0.00042618959281955516
4.917,0.038362002903211595,0.010896730941685057,-0.0004277614575393448
4.918,0.03816917415520708,0.011129472174687294,-0.00042943293766125744
4.919,0.037930463680639966,0.011443496044029028,-0.00042906299972803616
4.92,0.03766346680788609,0.011650931041067764,-0.0004291286911656733
4.921,0.03747357233065513,0.011903125000484058,-0.0004269214951046061
4.922,0.03732913892936868,0.012092218171936411,-0.0004242832544819801
4.923,0.03724453128073939,0.012277503840448942,-0.0004192302690989042
4.924,0.03711494230230307,0.012308074038019645,-0.00041421521259278626
4.925,0.03698542798385701,0.012175965555908205,-0.00040582345309611795
4.926,0.0367920690651475,0.012006083656696358,-0.00039660912806957136
4.927,0.03656618902759552,0.011858406266077141,-0.00038653202529242764
4.928,0.03633566970173269,0.01166315747020652,-0.00037685963613645786
4.929,0.03615110851585966,0.011532174340021392,-0.0003628177823651633
4.93,0.035972687436832254,0.011499373355152845,-0.000348782909101946
4.931,0.0358407100055736,0.011509307680760951,-0.000338707538766577
4.932,0.035756338341501506,0.011574116908233407,-0.0003312083820205012
4.933,0.03571894748094184,0.011662289690636596,-0.00032468083476369067
4.934,0.03565598477950977,0.011701045550400545,-0.0003229108077358068
4.935,0.035702492672150164,0.011702959665709375,-0.0003257860317147562
4.936,0.035735351024244466,0.011707481410159488,-0.00033156663648236534
4.937,0.03579518444399956,0.011623297811176068,-0.0003413980154082334
4.938,0.03595786998813553,0.011508706745099611,-0.000353045785236998
4.939,0.03616326760276459,0.011453982005274508,-0.00036690163257001106
4.94,0.036451061442108704,0.011458486718056791,-0.00038316041524577403
4.941,0.036818338836542175,0.011596158918211752,-0.00039850329092957213
4.942,0.03728276310188552,0.011663194961520275,-0.0004160828750013113
4.943,0.03785555043679037,0.01174383410398332,-0.00043522381156810145
4.944,0.038521832236197484,0.011784132291896086,-0.0004500615863496802
4.945,0.039268186303426066,0.011717190430030139,-0.0004626756868306333
4.946,0.04011990120287686,0.011517961347303114,-0.000471438703525809
4.947,0.040962597820495814,0.011123339921903164,-0.00047732208630786956
4.948,0.04183402873611578,0.010608547479172418,-0.00047944549452588547
4.949,0.042699848284477905,0.010026257247085654,-0.0004811474029217102
4.95,0.043536160114760455,0.009310654277161347,-0.0004765503137600057
4.951,0.04425396719880159,0.008613756885584488,-0.0004694045263342987
4.952,0.04482698025284998,0.007935714533593428,-0.00046033597792906724
4.953,0.04521005481602404,0.007210185965465988,-0.00045100208821588614
4.954,0.045482421749433254,0.00641655268313069,-0.000444501425588574
4.955,0.0455931980806909,0.005433086416495193,-0.00043867345349066613
4.956,0.04563931048051092,0.004347149120984207,-0.0004354692091549107
4.957,0.04574751579426287,0.00312115158801006,-0.00043609730258640595
4.958,0.045946803329420985,0.0018861597604406012,-0.0004383425330656541
4.959,0.0461244418074911,0.0005800422229343613,-0.0004382144041364584
4.96,0.04636988216356857,-0.0007368485063501259,-0.00043798817335398497
4.961,0.04663603524949095,-0.002024370945036613,-0.00043984540727849957
4.962,0.046849989471691535,-0.0032891124265330713,-0.0004394528160380939
4.963,0.046934825562118955,-0.004580480918447696,-0.00043485196417957205
4.964,0.046881666352524005,-0.005874005957588727,-0.00043091969491024847
4.965,0.046777718517843375,-0.007176304985814966,-0.00042452415413526436
4.966,0.046721964530875376,-0.008588003705006904,-0.00041451512435954497
4.967,0.04678564811682584,-0.010140048139162756,-0.00040638317605720404
4.968,0.04693629993188535,-0.011603506118325722,-0.0003937559693461424
4.969,0.0472089611208382,-0.013060884672094809,-0.00037814379374305615
4.97,0.04748818292009678,-0.014389263391811836,-0.00035980156861384425
4.971,0.04790243711180871,-0.015599642713062314,-0.0003453534173781586
4.972,0.04831185056974456,-0.016650262983745938,-0.0003318072195482147
4.973,0.04857115267167431,-0.017548153436130066,-0.0003139542077065867
4.974,0.048688291543585394,-0.01841706093769977,-0.00029924723764314343
4.975,0.04878161446848807,-0.019150331588326994,-0.00028991603803510814
4.976,0.048703256903860286,-0.0199111225793885,-0.00028289633436933304
4.977,0.04867584564817032,-0.020655612939329965,-0.0002839611568735374
4.978,0.04874384123095514,-0.021234572907814143,-0.00028633332191016275
4.979,0.048981829720446166,-0.02176476735452192,-0.00029264762682487547
4.98,0.04934248959193543,-0.022199806755154802,-0.0003011412433873436
4.981,0.04976431554783965,-0.0225529146375456,-0.00030925558386546816
4.982,0.050223621769289475,-0.02267872469926107,-0.000321802255936564
4.983,0.05061002729064304,-0.022676855526376112,-0.0003394892541891707
4.984,0.050819773802983165,-0.022627474697746605,-0.00035610068879856043
4.985,0.050838858900830564,-0.022567196418779835,-0.00037022309748808643
4.986,0.05312328429112445,-0.022180502286176462,-0.0003895284790592158
4.987,0.049266699851827744,-0.022821420798915935,-0.0004085083552801198
4.988,0.05014459186377841,-0.022702675599564667,-0.00042951963114980815
4.989,0.050372738149748006,-0.022666662368392605,-0.00044714455615855423
4.99,0.05072003358777945,-0.02253354370154855,-0.0004655366799601402
4.991,0.051143786235363045,-0.022316084877169184,-0.00048422802327667655
4.992,0.05152207743030145,-0.021949429125139558,-0.0005022095003876584
4.993,0.051694318810151255,-0.02152740800452914,-0.000521022622038242
4.994,0.05163665596469233,-0.021104748921788055,-0.0005383002856168203
4.995,0.051348205668290625,-0.020746771445660728,-0.0005541847470642082
4.996,0.05084599690541103,-0.020327640927063156,-0.0005705555969767511
4.997,0.05023904101127387,-0.019955994796809567,-0.0005868043423632786
4.998,0.04977746257435887,-0.01951350585895937,-0.00060526088182948
4.999,0.04957585328755422,-0.019046412747013623,-0.0006269570874168762
5,0.04966906824321149,-0.01842890687546212,-0.0006509179894602704
5.001,0.05002788359036621,-0.01760506344201481,-0.0006783103585009854
5.002,0.05065865881535796,-0.01674433227134091,-0.0007112610386457473
5.003,0.05131277074995699,-0.015836338920629814,-0.0007482948810927475
5.004,0.05223813624563761,-0.014941015055901716,-0.0007916653649186992
5.005,0.053020672459847346,-0.014217278449426052,-0.0008356126648715455
5.006,0.053646093494367636,-0.013587846728774569,-0.000879377478541083
5.007,0.054109613187666855,-0.013158446231720342,-0.0009181580789670825
5.008,0.05457548997686147,-0.012954705829419738,-0.0009557875841879129
5.009,0.05515352083806915,-0.012878724076378259,-0.0009930095306687544
5.01,0.05598187468483912,-0.012881427331337014,-0.0010206574892367615
5.011,0.05715521518766037,-0.01303391869097039,-0.0010454012519990343
5.012,0.05860450578901377,-0.01321825618582173,-0.0010689621702047612
5.013,0.060152333087736445,-0.013407279538399625,-0.0010846359478855318
5.014,0.06187491964773845,-0.013664165803678269,-0.0010933200841145678
5.015,0.06386030317624955,-0.013879523152435735,-0.0011020948292231065
5.016,0.06592213939170935,-0.01434885028219697,-0.0011116098488771556
5.017,0.06790847587386453,-0.014749812669025641,-0.0011213526592542703
5.018,0.06979459349372784,-0.014928485370538883,-0.0011312109053438677
5.019,0.07165787360944173,-0.01516412494785889,-0.001145517141328122
5.02,0.07364532727830989,-0.014997351897181335,-0.0011612584407458947
5.021,0.07557285091493302,-0.014508133003080029,-0.0011756768505229694
5.022,0.07736231340963821,-0.013408005006720305,-0.001192421842620742
5.023,0.07908096275786367,-0.01221518008738276,-0.0012138265956863365
5.024,0.08054003535872323,-0.010710155834231336,-0.001234312828418664
5.025,0.08180370861098268,-0.008999933111962455,-0.0012671317632526329
5.026,0.08286594938507491,-0.007044724056027421,-0.001307468843010686
5.027,0.08380340471468359,-0.005118540147850917,-0.0013556138348894587
5.028,0.08455068435585653,-0.0028817140162860078,-0.0013954945720867967
5.029,0.08511584736257152,-0.001044671878662154,-0.0014486301198306719
5.03,0.08560918162678925,0.0010217876287689637,-0.001498286685280818
5.031,0.08599241348788403,0.0027887229092970617,-0.0015518256599997774
5.032,0.0862565291362239,0.004417085197750373,-0.0016194057491215781
5.033,0.08654104104014354,0.006042962703745908,-0.0016815775754437819
5.034,0.08653529920557426,0.00783176171685511,-0.0017406122686528325
5.035,0.08654171755563347,0.009450696064412775,-0.0018013655948446864
5.036,0.08624622214219745,0.010973520245660714,-0.001853945782644332
5.037,0.085941329917419,0.012543685372167004,-0.0018973852560711373
5.038,0.0856366883884084,0.014117282436936725,-0.0019347357221866624
5.039,0.0852565182156585,0.015522784922704258,-0.0019604333608669866
5.04,0.08495361762413846,0.016684565049109444,-0.0019769592715671957
5.041,0.08456285618339945,0.017831708488788185,-0.001978397586047315
5.042,0.08429567606309575,0.018864624054738557,-0.0019741288567598643
5.043,0.08400816975970786,0.019793765289975188,-0.001956140076573195
5.044,0.08364529801900306,0.02054866905223772,-0.0019390494478436816
5.045,0.08316745660677513,0.021373304600012202,-0.0019130366896022348
5.046,0.0826444491829659,0.021925623736587643,-0.0018881245030547488
5.047,0.08200155509439586,0.022563705636031328,-0.0018651404372194691
5.048,0.0812026049252846,0.023170874309412656,-0.0018429495433935567
5.049,0.08046023553285031,0.02364713013126442,-0.0018259934869718772
5.05,0.07980653122150182,0.024038802404932183,-0.0018240677945776415
5.051,0.07915710742760089,0.024650357512796685,-0.0018248629962259112
5.052,0.0786574859234696,0.025304113874044597,-0.0018263433822209598
5.053,0.07827644441737393,0.02591296617226345,-0.0018306269532428758
5.054,0.0779841498808231,0.026458340731931602,-0.0018333631058206894
5.055,0.07779242724526562,0.02709126742934488,-0.001832593528363546
5.056,0.07750715534559408,0.027636038447971967,-0.001834409420917607
5.057,0.0772748271789067,0.02815352369988504,-0.0018326634240531938
5.058,0.07705942191095058,0.02859282617017081,-0.0018199066361519424
5.059,0.07671097187837271,0.029085715006924556,-0.001800545765703006
5.06,0.07654620443022384,0.029724998667465273,-0.0017700755761216604
5.061,0.0764031358296087,0.03020820212623989,-0.0017393685892946298
5.062,0.07639496420773369,0.030644340962504298,-0.0017093873324757767
5.063,0.07658904320501589,0.031103006872443745,-0.0016773787490947276
5.064,0.07691057561170336,0.03159649370269632,-0.0016470548566102227
5.065,0.07741437787031642,0.032044368722386515,-0.0016213775868060124
5.066,0.07796643600158293,0.032509874411807325,-0.0015930854099778244
5.067,0.07861797544197865,0.03307377526207885,-0.001570332046310124
5.068,0.07919758437982177,0.03351910487300024,-0.0015572017602715556
5.069,0.07982601894259264,0.03397585537214237,-0.0015462476193559207
5.07,0.08036224628970318,0.03438753291213401,-0.0015456609760907752
5.071,0.08080469984703413,0.034822909206076565,-0.0015499164366755283
5.072,0.08105747992289497,0.03519042862001262,-0.0015662393863851414
5.073,0.08129547221932062,0.035436078800178954,-0.0015865753314243585
5.074,0.08143566163162681,0.03568894935463884,-0.0016076745707385813
5.075,0.08149924040757131,0.03586577544876075,-0.001622024017735035
5.076,0.08147934350620639,0.035696992711501924,-0.001635803779160972
5.077,0.08139952797009894,0.035397609763254394,-0.0016480944419826993
5.078,0.08123170098476294,0.03498757299575253,-0.0016509638922043756
5.079,0.08088193230896476,0.03435294323933863,-0.0016354906881514415
5.08,0.08030254465691718,0.03352700538271934,-0.001612646298622177
5.081,0.07959404427772618,0.032545551669984255,-0.0015678130656383547
5.082,0.07891659158762473,0.03149810889222492,-0.0015116294096363964
5.083,0.0782762417865311,0.03020887560480869,-0.0014422210747083437
5.084,0.07757294302031642,0.028855605480289762,-0.0013556936848706637
5.085,0.07690884690401047,0.02760683834355387,-0.0012605951437274548
5.086,0.07639447122123191,0.0263467518999463,-0.0011697359118933962
5.087,0.07601338932593173,0.02515767912116934,-0.0010778191243872677
5.088,0.07568319776216613,0.02409614336835502,-0.0009927586564275768
5.089,0.07544358276105635,0.023253987434009547,-0.0009180719606636766
5.09,0.07530594430143969,0.022484600627454034,-0.0008479716399239135
5.091,0.07539140074155445,0.021887985529212648,-0.0007933668429223712
5.092,0.07562590476126244,0.0213205751411492,-0.000748975649162763
5.093,0.076096287717886,0.02084553393999819,-0.000703646994008498
5.094,0.07682819217687942,0.020536530038436435,-0.0006602387509254092
5.095,0.07776473380171071,0.019985657699804774,-0.0006194393882885032
5.096,0.07878964459637343,0.019429157013609887,-0.0005700378044163135
5.097,0.0799145834405951,0.018891080910705148,-0.0005094261605748224
5.098,0.08110084494672742,0.018198469461249128,-0.000441697896940199
5.099,0.08212856750476127,0.017434802533357944,-0.00036347407045292943
5.1,0.08314867577091603,0.01652502220204509,-0.00027476039454651935
5.101,0.08390612147288248,0.015619548734792627,-0.00017025897745992903
5.102,0.08446319075898898,0.0146621354281301,-5.852141275326263e-05
5.103,0.08497100691027444,0.013526969144654802,6.279133590344533e-05
5.104,0.08524266812990325,0.012443418153246441,0.0001855839249085275
5.105,0.08538515786851644,0.011328630316229701,0.0003072498401572979
5.106,0.08555296833971755,0.010139887608111993,0.0004172862030361798
5.107,0.08574327575615823,0.008847480098847699,0.0005202311523886567
5.108,0.08587802067272284,0.007614008752987383,0.0006265867201789336
5.109,0.08598594642798299,0.006412525284342925,0.0007197203187922659
5.11,0.08607339588041979,0.005321317135572282,0.0008103374592850299
5.111,0.08607101784568116,0.004283735494432464,0.0009064539074668172
5.112,0.0858051221194311,0.003361188422723156,0.0009961550469155982
5.113,0.08534915059210604,0.0025870086003659185,0.0010805245844758087
5.114,0.08485676386805704,0.0019126440049672885,0.0011560276122411124
5.115,0.08441274314227097,0.001413184372569369,0.00122453797653109
5.116,0.0838945381381581,0.0012554799221871403,0.001288549382087058
5.117,0.083546754884479,0.0011644476287151102,0.0013376258248784549
5.118,0.08345596030301697,0.0012182149055261111,0.001382322937229911
5.119,0.08356978939255338,0.001403465267638987,0.0014115024970123616
5.12,0.08401202452264793,0.001634755454130431,0.0014313741096179926
5.121,0.08447486638788712,0.001986808842182938,0.0014504762838692298
5.122,0.08500072199158121,0.002141763230366363,0.0014669421528128988
5.123,0.08545833712387566,0.002139267765672727,0.0014745146779970239
5.124,0.08577009314013354,0.002187064552102602,0.0014777656384425614
5.125,0.08596597056591596,0.0020909172676024795,0.001479056146644341
5.126,0.08601816334275678,0.0018229283351375945,0.0014790153434725071
5.127,0.08603825206567244,0.0014693983562288617,0.001477852333261299
5.128,0.08606497493059387,0.0010212886329662024,0.0014798936312886636
5.129,0.08614992886745426,0.0003581908259081591,0.001484832553683782
5.13,0.08632592628576144,-0.0003965914187708079,0.0014903140425929998
5.131,0.08651803930591953,-0.001317431768872633,0.0015003721754951326
5.132,0.08681219238643346,-0.002148813793107055,0.0015130344837055542
5.133,0.08700404703374531,-0.0032029242777868554,0.0015314063332267003
5.134,0.087135264445722,-0.004176133030084158,0.0015493094932775584
5.135,0.08705236041820058,-0.00497238182577197,0.0015726564248417997
5.136,0.086918686454408,-0.005870218212262924,0.0015933650258631632
5.137,0.0866787582534021,-0.006653824733006847,0.0016268673837703906
5.138,0.08630971684338522,-0.007197959086288833,0.001663698492274524
5.139,0.08600924317970379,-0.007641928971408231,0.0017023318149256583
5.14,0.08567893992499828,-0.007798894120529625,0.001743623317335736
5.141,0.08543333058421247,-0.008136640829035209,0.0017731793923499717
5.142,0.08522955006464167,-0.008172774139060108,0.0018086537608414523
5.143,0.08516050638032989,-0.008111797893710854,0.0018412693146220604
5.144,0.08495727306275855,-0.007913259659711916,0.001861916115096045
5.145,0.0847545978701612,-0.007611099940857207,0.0018724458287742508
5.146,0.08443113577907206,-0.007281383333914178,0.0018780456757914554
5.147,0.08402088757209836,-0.006858502671285316,0.001872255842890025
5.148,0.08352183964403041,-0.006514946437728368,0.0018578354339186306
5.149,0.08288672680485441,-0.00602103242579259,0.00183904547613814
5.15,0.08229792495196754,-0.005800344607167308,0.0018083260050384717
5.151,0.08179696035421963,-0.005414132200204933,0.0017770116576319227
5.152,0.08128433725215234,-0.005125701949436557,0.0017379363831578982
5.153,0.0808537877996294,-0.004836173836195252,0.001705324125873299
5.154,0.08046547517286277,-0.004673714863708932,0.001668243504345157
5.155,0.08013403519611507,-0.004575099878877019,0.0016357551749271765
5.156,0.07979516045854232,-0.00426516427893016,0.0016011124132457601
5.157,0.07944202962643222,-0.003989805730045641,0.0015717266226157132
5.158,0.07905725747606679,-0.003864938871603831,0.0015398904942089263
5.159,0.07855397739826372,-0.0036767314132412215,0.0015101253361245411
5.16,0.07791412491842703,-0.003438261539888991,0.0014788656954780718
5.161,0.07724154922023106,-0.0032056317957440293,0.0014463622082456133
5.162,0.07651687186554128,-0.0030404736405771635,0.0014080032420691366
5.163,0.07578273840921546,-0.0026284018681081564,0.0013645916580735636
5.164,0.07499315665957847,-0.002237721733100862,0.001323850843143383
5.165,0.07428690481105926,-0.001880336345351839,0.001274848408814915
5.166,0.07353188006727103,-0.0015033529817148135,0.0012239672317789982
5.167,0.07293600965483757,-0.0010822139855199385,0.0011789009963580942
5.168,0.07230597220160166,-0.0006208360780435469,0.0011364735049465063
5.169,0.07160651234235163,-0.0002598667940398522,0.001093569545763492
5.17,0.07085875623874857,0.0001373980507699754,0.0010500207391322385
5.171,0.06998919287899864,0.0005277271747128609,0.001002675874400422
5.172,0.0690289374054799,0.0009006506879300352,0.0009606330281204539
5.173,0.06793639595030616,0.0013035490197767091,0.0009243824613810012
5.174,0.06686680522028644,0.0017040168034297004,0.0008862350992311613
5.175,0.0658804128899288,0.0021808752833650125,0.0008514855323692778
5.176,0.06489844488441186,0.0026927779463590297,0.0008207422797731469
5.177,0.06405640242017997,0.0032144340198836533,0.0007900109056386834
5.178,0.06342990661793088,0.003549735933188261,0.000758675717881779
5.179,0.06295479698975846,0.0037561550544388048,0.0007342377816527297
5.18,0.06254376043786986,0.004020539567207854,0.0007169096454851323
5.181,0.06219888078346633,0.004470911768491556,0.0007024380787403724
5.182,0.0617054880172236,0.004770739379557201,0.0006944141659239875
5.183,0.061103903736531365,0.00519543452044971,0.0006844047117362769
5.184,0.060506148371641325,0.005562117994680191,0.0006764366937254771
5.185,0.05987472603959181,0.005830712679736852,0.000675811253249484
5.186,0.05923307478437757,0.006167152295355645,0.0006815410739147462
5.187,0.05870718543368966,0.006513418584120734,0.0006909037389059283
5.188,0.05822761860105651,0.006943485446176784,0.0007089810112979314
5.189,0.05791760296364623,0.007163122446419239,0.0007207711567219728
5.19,0.05786621541522178,0.007409068292264488,0.0007380706316700241
5.191,0.05793919043410939,0.007692304583777135,0.0007578088098160082
5.192,0.057978915455973404,0.007848938800886267,0.0007783018962039819
5.193,0.05806587591872951,0.00789030129327669,0.0007981468717743124
5.194,0.05812644736598632,0.00789617527708359,0.0008105883951402336
5.195,0.058118714424883554,0.007882678726788252,0.0008254084487096468
5.196,0.05814892555074802,0.007845923490932008,0.0008406417585053946
5.197,0.058203538645565586,0.0077498690227510506,0.0008539629527414081
5.198,0.058317671668605596,0.007555998278175623,0.0008643100866514962
5.199,0.05868025056354245,0.007374765525037921,0.0008764780947918398
5.2,0.05917535651858035,0.0071545576967207355,0.000887692581113636
5.201,0.0597201482354983,0.006857272093533002,0.0008998943733183542
5.202,0.06037315006424457,0.006416261055638604,0.0009142811968400377
5.203,0.06109284934278915,0.006007371642188175,0.0009323307212195257
5.204,0.061626547085810876,0.0056625652679466315,0.0009550155059258191
5.205,0.06204596735674195,0.0053158510877147555,0.000977273667783874
5.206,0.06221874774975717,0.005091045693339777,0.0010040167517158683
5.207,0.06238295825430397,0.004849898767262051,0.0010280467557151254
5.208,0.0624859688491863,0.00458396127386013,0.0010532045053737386
5.209,0.06248087829719703,0.004429694828898344,0.0010829849816140738
5.21,0.062462658830670384,0.004316927144893987,0.0011104094657036036
5.211,0.06247139696322444,0.004177456889053341,0.0011378344528536325
5.212,0.06250381818867858,0.004012677292357578,0.001157035312370601
5.213,0.06246154328521673,0.0038154962372485904,0.0011740119091003935
5.214,0.062341706697282395,0.003701582826797334,0.0011872185940091087
5.215,0.062148568709146985,0.0036848281719788836,0.0011995185757946209
5.216,0.06193739536889753,0.0036935912946263576,0.0012039909742716719
5.217,0.061640524053044446,0.0037293426062913818,0.001208280633847853
5.218,0.06136329994321888,0.003706190621269867,0.00120809071691155
5.219,0.06112523774379145,0.0036423884805369816,0.0012036972884222105
5.22,0.06090599513775961,0.003520431422513016,0.0011959381972356088
5.221,0.06075108453133842,0.0033202935848440666,0.001191268556855463
5.222,0.060542813882066074,0.002938550956442446,0.001190939329310583
5.223,0.060374203765637555,0.0024874644565491336,0.0011884551152658734
5.224,0.06025790584227979,0.001998103358394886,0.0011856451316735602
5.225,0.060140558288068,0.0013729688097205445,0.0011847607353691846
5.226,0.05993145304704138,0.0007135164968659485,0.0011854940725364502
5.227,0.05964623335734062,9.18813259466987e-05,0.0011819472901552395
5.228,0.059390015974077864,-0.0006869339802181183,0.0011736268541629416
5.229,0.05904427883804003,-0.0014478575459059401,0.0011631817175075695
5.23,0.058662282375433396,-0.002266866073027258,0.0011492048379140227
5.231,0.058380649617548165,-0.003178816345370008,0.0011341333225591878
5.232,0.05815729773434865,-0.004173302611050544,0.0011159231089496592
5.233,0.057923226790336305,-0.00522130640899655,0.0010954519395448702
5.234,0.057708567634249114,-0.006340251604512505,0.0010747163613787187
5.235,0.05752086754160014,-0.007657571076799718,0.0010536236300110245
5.236,0.057319816957488744,-0.00888783334024373,0.001040708957876934
5.237,0.057153755438455967,-0.010115070117817716,0.001035932585673271
5.238,0.056830408454248554,-0.011547974491708888,0.0010332836802043118
5.239,0.05666838448124597,-0.012968259682059505,0.001043544061548813
5.24,0.05646590324842674,-0.014499990798884286,0.0010573847948133167
5.241,0.05627411531157227,-0.016032132565180858,0.0010847930336549635
5.242,0.05622369320076733,-0.017687655660261457,0.0011176230165564642
5.243,0.05631614672242384,-0.01933618916337808,0.0011550828725975968
5.244,0.05650988349486268,-0.020770266972007612,0.0011937685373888845
5.245,0.05682782071070114,-0.022181639559768183,0.0012264182380318225
5.246,0.05730929675548675,-0.023413208436965656,0.0012613624782525294
5.247,0.05780603255259231,-0.024464670297918822,0.001294467093460241
5.248,0.05829023364477281,-0.02531675827048164,0.0013185278813370202
5.249,0.05858422645645633,-0.025906975031664704,0.001336976540693945
5.25,0.05876313198456959,-0.026301359524452582,0.001346052186909508
5.251,0.05878233275013402,-0.026439896680542054,0.0013478351806479453
5.252,0.058544313084601014,-0.026302133283762366,0.0013395679519112565
5.253,0.05804119314572556,-0.02593874704158202,0.0013159021484909718
5.254,0.05751025727511554,-0.025381438499390917,0.001289506393764587
5.255,0.0569009418572646,-0.024532611294501377,0.0012597213396012227
5.256,0.05619859070418416,-0.023549527414054174,0.0012156234074603
5.257,0.055618699478700837,-0.022406319157912878,0.001163641249319639
5.258,0.05510647758022718,-0.021206463246753786,0.0011087245935893259
5.259,0.05464034104500924,-0.019996425422646555,0.0010505387526334017
5.26,0.054237122967475765,-0.018819708137894867,0.000990132448664273
5.261,0.05385864809113604,-0.017811881835250287,0.0009314742136034133
5.262,0.05347626539472092,-0.01677150274488215,0.0008793749873406967
5.263,0.05297507682404862,-0.015899055838909763,0.0008287743375304573
5.264,0.05228429778547439,-0.015048048689068776,0.0007779611379543398
5.265,0.051592503426729164,-0.014242565912665896,0.0007352788068220577
5.266,0.05092220790756691,-0.01357446587239683,0.0006970540219217341
5.267,0.050283563626697544,-0.012990492002236183,0.0006644551909159247
5.268,0.04990366552128059,-0.01252342358049402,0.0006288945201849855
5.269,0.04957642811776426,-0.012176350638728517,0.0005986546592814158
5.27,0.049338396625711725,-0.01192517484920294,0.0005738386075590388
5.271,0.04924751867966904,-0.011681433947809149,0.0005478411592462543
5.272,0.049138537031867234,-0.011575412368978605,0.0005222423585438677
5.273,0.049060337243422694,-0.01168617140756871,0.0004945861505810346
5.274,0.04901477590614482,-0.011683857242848705,0.0004666130478116642
5.275,0.04884336595087824,-0.01177292941039515,0.00043384902630789796
5.276,0.04858955480036882,-0.01190256059563239,0.0003915230987155346
5.277,0.04821779073031861,-0.011850136606881001,0.00035570200664819334
5.278,0.04777914804925548,-0.011634985529511803,0.00031580896385893136
5.279,0.047363254958902076,-0.011412866236318972,0.00027276585977285806
5.28,0.04689278602991095,-0.01122086683670001,0.00023164065992163738
5.281,0.04649432757905095,-0.010920571182366237,0.0001919489491565339
5.282,0.046181409974107426,-0.01073836601387361,0.00014955571833954052
5.283,0.045950949169310445,-0.010511362908418503,0.00011071505509949653
5.284,0.045758490990983905,-0.010299063677945239,7.269516877004948e-05
5.285,0.04547183754657522,-0.01015048330628432,3.8916983099298425e-05
5.286,0.04530691165099113,-0.010091213636800309,5.387140057658648e-06
5.287,0.04515472156972688,-0.009914980274426277,-1.8970686867629495e-05
5.288,0.04497266329707672,-0.009838764156439556,-4.066942769147437e-05
5.289,0.04486406950416186,-0.009706070837872477,-6.065452264524169e-05
5.29,0.04476120977488222,-0.009544580928982208,-8.149031356161681e-05
5.291,0.04461870148943408,-0.009475769568680015,-0.00010138407114049317
5.292,0.044619722274899826,-0.009351913636177572,-0.00011727518146745729
5.293,0.0446567417973549,-0.009223549050422428,-0.00013425186681273417
5.294,0.04475921672913448,-0.009113628233054075,-0.00014825427654538773
5.295,0.044837029815150815,-0.009050153996271973,-0.00016223546984647037
5.296,0.04493241191707367,-0.008955885716545722,-0.0001748779568027251
5.297,0.045076448959041074,-0.008842661023989465,-0.0001833422634041947
5.298,0.04520432759745005,-0.008793400946071422,-0.00019153019115893447
5.299,0.045444065195639566,-0.008713591495105921,-0.000201613107401788
5.3,0.04568307752358878,-0.00860554947845818,-0.00020380644392864824
5.301,0.04612136750676643,-0.008309689082254393,-0.0002085021947434068
5.302,0.04664448247461543,-0.008186635516803376,-0.00021467981753883801
5.303,0.047281576911916784,-0.008036792427972603,-0.00023039406803146965
5.304,0.04795787300386205,-0.007820411476685524,-0.00024377587018454443
5.305,0.04876325329567975,-0.0075866381875163424,-0.00026064943157066544
5.306,0.04939814130853999,-0.007460586822807758,-0.0002822740927492424
5.307,0.049998011784488906,-0.007283936743867486,-0.00031376596232290835
5.308,0.05055633586619283,-0.0070913254202022435,-0.0003450446005707061
5.309,0.05106573808834891,-0.006920262687300602,-0.0003794841042093754
5.31,0.051540717277760204,-0.006764868813409292,-0.00041546951131167954
5.311,0.05215347364860953,-0.006605030267985645,-0.0004507266948494408
5.312,0.0528800635750851,-0.006415093273570538,-0.0004851657708141974
5.313,0.05379857454056314,-0.006269904288174061,-0.0005180381648870697
5.314,0.05486076046388616,-0.006109427934716832,-0.0005467337976851831
5.315,0.05591177505425651,-0.006167221338326215,-0.0005742587809758442
5.316,0.057015197368740334,-0.006347778477695867,-0.0006005876378979678
5.317,0.0580053269262657,-0.006478980509731891,-0.0006260750217541111
5.318,0.05884980126948891,-0.00668008042092226,-0.0006503377301234766
5.319,0.05948214419081907,-0.00675436541944173,-0.0006637932122279286
5.32,0.05996395803757733,-0.0068712122711710455,-0.0006783251458701276
5.321,0.0604558741820794,-0.006994374664878622,-0.0006934623740100516
5.322,0.06099945905280141,-0.007083992961894908,-0.0007077696973008603
5.323,0.06159799969855881,-0.007097246086780751,-0.0007232572918560343
5.324,0.0622565889172035,-0.0070986989020781766,-0.0007363670557082663
5.325,0.06300194809479748,-0.007039396439064871,-0.0007507648972696953
5.326,0.06373239492121247,-0.006916469233246153,-0.0007661601015747988
5.327,0.06434166304746318,-0.00670406820910803,-0.0007817281544047741
5.328,0.06469760304125226,-0.006459534761011784,-0.0007934733291958011
5.329,0.06479601310166433,-0.006244224970073389,-0.0008033117571300578
5.33,0.06465535585524909,-0.0060470851011068805,-0.0008112475223665454
5.331,0.06439358037881682,-0.005796823106094959,-0.0008224377351131764
5.332,0.06412761243939283,-0.005425518532915105,-0.00083043829983349
5.333,0.0639104135119039,-0.005067742856728341,-0.0008346266590448274
5.334,0.06395190060593842,-0.004648598949384158,-0.000840040902030469
5.335,0.06424600227651728,-0.0040943371393827865,-0.0008436757678404901
5.336,0.06474049136684183,-0.0035748299888252455,-0.0008491624254426294
5.337,0.06532508770347001,-0.0029827489376844235,-0.0008544982011386253
5.338,0.0660109271187948,-0.00233775949152705,-0.0008651778167208936
5.339,0.06660560154705142,-0.0016357507776535024,-0.000876180631639288
5.34,0.06709554748025054,-0.0009398575963239647,-0.0008911358761939645
5.341,0.0674792351183401,-0.00035410570119265294,-0.0009090864810475225
5.342,0.06778094985523365,0.00030822310723740975,-0.0009328862805031673
5.343,0.06809726972245202,0.0009398335376758771,-0.0009554163414868251
5.344,0.06855579651421398,0.001508465933182962,-0.0009816475758585227
5.345,0.06915574117835356,0.0021280512602636914,-0.0010071437366343883
5.346,0.069878981229373,0.0028405641670035398,-0.0010327124026356328
5.347,0.07071482894443559,0.0034691044630097145,-0.001060972641645972
5.348,0.07155494001266843,0.004251339075715524,-0.0010875886013200283
5.349,0.0722897837503344,0.005087947965272593,-0.0011133840613466602
5.35,0.07289301932211395,0.005955630268486764,-0.001139740147505599
5.351,0.0733014166411094,0.006883717746465359,-0.0011649297132037238
5.352,0.07359017725869033,0.007854913380866788,-0.001189926782149529
5.353,0.07380415524404288,0.008772408728865394,-0.001211426420833738
5.354,0.07406706406845345,0.009603316236309334,-0.0012327248534401295
5.355,0.0744313814516297,0.010366161477387531,-0.0012476965029136566
5.356,0.07488720039579393,0.011121140081886138,-0.0012614260677452224
5.357,0.07544314463999824,0.011889389239601922,-0.0012741459053454156
5.358,0.0761033660599185,0.012656894921415224,-0.0012864553015747252
5.359,0.07674090533201817,0.013502148038084666,-0.0012932672120783597
5.36,0.07732690077993729,0.014342041513245904,-0.0012993797616061731
5.361,0.07778058633506203,0.015223947760192938,-0.0013052124506773065
5.362,0.07813011755340196,0.016119949437574374,-0.001311782602193015
5.363,0.0783872404628051,0.01700442287938314,-0.0013126198072727015
5.364,0.07868032037244067,0.01782079720387174,-0.0013127863646418521
5.365,0.0790869220588229,0.018624005808740476,-0.0013171195041573865
5.366,0.07959773661430514,0.019348333497613557,-0.0013226331450838418
5.367,0.08029438576400813,0.02002338232521987,-0.0013300271739647852
5.368,0.08112721491417788,0.02066880809693354,-0.001337444971548214
5.369,0.08197345184742716,0.021243642972541846,-0.0013460610400311437
5.37,0.08281891661791842,0.021892433999850747,-0.0013564828592162463
5.371,0.08353770074149512,0.022418557009396933,-0.0013712486518393902
5.372,0.08418089355120922,0.022997318035973907,-0.0013879608138030728
5.373,0.08470753048890653,0.023582297300686894,-0.0014093673790462591
5.374,0.08532945556440852,0.02421062101304726,-0.0014390798040312984
5.375,0.08605653733106587,0.024778056124910103,-0.0014704101206910831
5.376,0.08680471295433947,0.02521852230672035,-0.0015046236164270033
5.377,0.08777333168644243,0.02545756570543381,-0.0015451289594113344
5.378,0.08898239183702578,0.02550033703242051,-0.0015901874587548352
5.379,0.09018063787887984,0.025295397640588385,-0.0016429724148297829
5.38,0.09136976881809956,0.024821005603206513,-0.0016922896568762297
5.381,0.09242740154919685,0.024199734047740673,-0.001739476230541337
5.382,0.09336789034641281,0.023418698677081302,-0.0017797185337013787
5.383,0.09391857994933683,0.022420483131102856,-0.00180963377107845
5.384,0.09412147260716788,0.021290231534627217,-0.001829311639084393
5.385,0.09397631595199164,0.020002152265248083,-0.0018372337181758228
5.386,0.09355205729604665,0.018650911323322972,-0.0018332975887688928
5.387,0.0929739600231371,0.017187036705915135,-0.0018222524420525
5.388,0.09236654463303019,0.015763262188787264,-0.0018002334840119703
5.389,0.09181436621524339,0.014495115781434545,-0.00177592609814381
5.39,0.09131845508051664,0.013367334739779947,-0.0017483185139864185
5.391,0.09089764980370628,0.01244674544636138,-0.0017285310134405305
5.392,0.09056425700301751,0.011748308378125821,-0.0017090667510113722
5.393,0.09036946982359254,0.011356953590240852,-0.0016916160788382768
5.394,0.09014539238508107,0.011118385085631868,-0.0016828739348045815
5.395,0.09009852262811152,0.01105817162041969,-0.001686882290415903
5.396,0.09019101548939426,0.01119865374461907,-0.001690533792016201
5.397,0.0904296849097573,0.011546871489744086,-0.0017007419659740754
5.398,0.09084040604054328,0.011700107071553723,-0.0017184783968069825
5.399,0.09143701933224249,0.012064049726191288,-0.0017390728250586682
5.4,0.09217434698872529,0.012298006100151311,-0.0017641773371076946
5.401,0.09305368837349384,0.012536388969642612,-0.001790042856644826
5.402,0.09400178167019727,0.012640441040210462,-0.0018190178572772633
5.403,0.09490675465922745,0.012660986635809557,-0.0018493352947851933
5.404,0.0956994745052124,0.012447185273131607,-0.0018782329188776754
5.405,0.09629287878186207,0.012032371353207762,-0.0018972132381216288
5.406,0.09677959964281793,0.01150292768042489,-0.001910129232058054
5.407,0.09706450795962396,0.010745929023620353,-0.001915927321258704
5.408,0.09716208287022045,0.009745990403890268,-0.001913189013802396
5.409,0.09712476377036328,0.008524201967629402,-0.0019041838342030285
5.41,0.09719310807206108,0.007184880396888124,-0.0018865427746523255
5.411,0.09720515922205052,0.005633353228257233,-0.0018613641490703102
5.412,0.09733132385337863,0.0042095900698080405,-0.0018305165517597134
5.413,0.097397561332139,0.002762163951650916,-0.001795786517997637
5.414,0.09750587725179614,0.001385973343268572,-0.0017475052086840105
5.415,0.09757463937741008,7.001263602916807e-06,-0.0017065981631927858
5.416,0.09764413419981272,-0.0013388209643463087,-0.0016668637120380045
5.417,0.09754492585136548,-0.002681599138267564,-0.0016304516188424627
5.418,0.0975193555982667,-0.003862240221844296,-0.001605409491369406
5.419,0.09750195657237087,-0.004865543625983976,-0.0015865921439018982
5.42,0.09765194583394246,-0.005782983563478315,-0.001575577117842272
5.421,0.09779192040701354,-0.006657900989017789,-0.0015772228950883095
5.422,0.09798605736869578,-0.007217806590963154,-0.0015737596200613004
5.423,0.09832799957305823,-0.007609533662161272,-0.0015786769915693518
5.424,0.09861644083910501,-0.007887187040293776,-0.0015853995952249613
5.425,0.09900241789467176,-0.007971397244513102,-0.0015970663303076851
5.426,0.09951738888390271,-0.007783946400349864,-0.00161496975167455
5.427,0.10013401587073553,-0.007351635235488912,-0.0016383043156522692
5.428,0.1008433874750896,-0.006856699003089165,-0.001664936960944235
5.429,0.1015314949463876,-0.0062577812857830956,-0.0016974658087575887
5.43,0.10233506547593406,-0.005567865930633634,-0.0017307210940278814
5.431,0.10306576163989944,-0.0047665067733830314,-0.001771655370386877
5.432,0.10376742452336696,-0.003868077774950275,-0.0018103990198956761
5.433,0.10432246012288897,-0.0027764646738013127,-0.0018482907314840793
5.434,0.10478095206721873,-0.0015439506906190573,-0.0018828363655207674
5.435,0.10516156753825287,-0.0003658260546507523,-0.0019142939732849566
5.436,0.10539096776612025,0.0009699023496450437,-0.0019425821447302302
5.437,0.10557200182360636,0.0023175889375409015,-0.0019676157423921007
5.438,0.10573592434071218,0.003732053782004802,-0.001990560108907283
5.439,0.10584541098158882,0.005351830156145831,-0.0020088569128562644
5.44,0.10592135602022638,0.007153808532121003,-0.0020240741969204485
5.441,0.10583643656762597,0.008972760083000934,-0.002037174605761062
5.442,0.10572266193793824,0.010933954857755886,-0.00204933917398966
5.443,0.10540609014716189,0.013062666130528006,-0.0020501402754720226
5.444,0.10510450444864264,0.01519478954169792,-0.002052939968142728
5.445,0.10471597340817454,0.01722212047661043,-0.0020558011270865326
5.446,0.10434971313004535,0.019293319501176544,-0.0020579049790088715
5.447,0.10401509931558284,0.02135716767224784,-0.0020605126568940084
5.448,0.10378003988420795,0.023554848145223795,-0.0020587702374493776
5.449,0.10355031569515903,0.025688645367584126,-0.0020629932008441793
5.45,0.10316475712797436,0.02774541969824043,-0.0020565357176645597
5.451,0.10273779812933971,0.02996988379853994,-0.0020487651598517713
5.452,0.10215135183515395,0.032209192644540946,-0.0020412441640099083
5.453,0.10128971352373867,0.03439418630834368,-0.002037013356531925
5.454,0.10028793238659033,0.036641443771613456,-0.0020324081904947063
5.455,0.09904729907648249,0.03868170679343597,-0.002016770254103992
5.456,0.09758178249224124,0.04046956824574347,-0.0019982772662682467
5.457,0.09630265167906947,0.04216731933579605,-0.0019833563135501085
5.458,0.09522129715488423,0.0439107189634686,-0.0019647615712594943
5.459,0.09431488767010118,0.04528706398082871,-0.0019511334805806082
5.46,0.09373413956748293,0.04649400285852091,-0.0019321134255736643
5.461,0.09332565246126023,0.047702909843516515,-0.0019160596661465953
5.462,0.09301881626657102,0.04885920913838721,-0.0018992676954106861
5.463,0.09274073726725678,0.049854904397601034,-0.0018832387463257848
5.464,0.0925033902584164,0.050795768166617294,-0.0018598190937058191
5.465,0.09206515693216907,0.05171779310625211,-0.0018360079228358001
5.466,0.09159300081531119,0.05242028694943591,-0.0018175961245845559
5.467,0.09119153430887798,0.053020055472360675,-0.0017942379366792172
5.468,0.09075545882863714,0.05326464753699428,-0.0017745320185200127
5.469,0.09045870655561329,0.05336658801831498,-0.0017587314299430511
5.47,0.09045536578496419,0.05345770707962956,-0.001737305089710594
5.471,0.09048575411327034,0.05323037328704733,-0.00171942457278248
5.472,0.09070211763026326,0.052839006831080074,-0.0016994760540963185
5.473,0.09097262342072407,0.05253444696781611,-0.001671365565287215
5.474,0.0912450679366043,0.05215134491652132,-0.0016344880481654039
5.475,0.09125244216690073,0.051608139322974964,-0.0015910502548084442
5.476,0.09085397526882752,0.05089403428389923,-0.0015491827421468432
5.477,0.09017223546591752,0.049973184668872746,-0.001495592341452235
5.478,0.08916467842335978,0.048873849728623256,-0.001444996838335083
5.479,0.08799942060665675,0.047655242239443285,-0.0013862333289126564
5.48,0.08699488129738968,0.046150777802184975,-0.0013309508499433145
5.481,0.08595590893846342,0.04443507548431344,-0.0012745568311113937
5.482,0.08503395674303765,0.04284733278502975,-0.0012185930178028061
5.483,0.08442574993722443,0.04129223774443781,-0.0011742526420332653
5.484,0.08394097761273626,0.03979575192451956,-0.0011239204092493914
5.485,0.0837072628387095,0.03834383453328444,-0.0010724500558357527
5.486,0.08351997297051028,0.0368982168101799,-0.001028340555188019
5.487,0.08331681525988288,0.03552453994458256,-0.0009788632236154575
5.488,0.08299910888691849,0.03415825494178534,-0.0009308283399188788
5.489,0.08276046972420123,0.03279859704210884,-0.0008691345082364533
5.49,0.0823694051564072,0.03132567567467055,-0.000806741943280279
5.491,0.082027775835284,0.029880890893394286,-0.0007356141991593943
5.492,0.08165861125441488,0.028381594254875187,-0.0006612779332913245
5.493,0.08131934215462966,0.02689953436365286,-0.0005819739738818985
5.494,0.08112120466795293,0.02550909110467351,-0.0004965260402992637
5.495,0.08088027597193871,0.024163015541310815,-0.0004138650817605879
5.496,0.08082894604962987,0.022870874337830485,-0.0003320748201885795
5.497,0.0807723051108657,0.02176107406314852,-0.0002509288167446583
5.498,0.08065046810971846,0.020593236240469062,-0.00017399907606016748
5.499,0.08064883912242228,0.019472009426646317,-0.00010026388896672853
5.5,0.0806317122868833,0.01842758283130532,-3.15202423307188e-05
5.501,0.08062174108156411,0.017418912928630403,3.382002323361875e-05
5.502,0.08046929739142264,0.016496079778144407,9.245390643324036e-05
5.503,0.0804359187124233,0.015644530920157523,0.00014963346438251945
5.504,0.08025729691028696,0.014746769547736616,0.00020050987543124169
5.505,0.08017694616063994,0.013955351294632483,0.0002549378754810145
5.506,0.08014307761566729,0.013168545430713219,0.0003107636334764415
5.507,0.08004686328804089,0.012448491351103902,0.00036524607496537284
5.508,0.08001525277814307,0.011667865999225736,0.00041474770937976677
5.509,0.07995160810413685,0.010859806005915996,0.0004644791511084454
5.51,0.07978742817911569,0.010160928044701471,0.0005125813719717405
5.511,0.07964360595855546,0.009507139005318216,0.0005666028208522625
5.512,0.07940042292558339,0.008917386952574602,0.0006096471851991189
5.513,0.07908847100276796,0.008236283183384062,0.000651697117093463
5.514,0.07863864150403596,0.007639698085040066,0.0006974002322889072
5.515,0.07818037580181665,0.006984731686575173,0.0007400797871651201
5.516,0.07753046782826326,0.006389984105233205,0.0007808499545337443
5.517,0.07695059860213942,0.005847462950177143,0.0008141988661404418
5.518,0.07631242670507536,0.0053141620643006315,0.0008477594770580749
5.519,0.07556249264041003,0.00479620682929853,0.00087323785022359
5.52,0.07481303608505466,0.004293136328529443,0.0008941847060613164
5.521,0.07409822291314537,0.003869221156305891,0.0009169407274686719
5.522,0.0732484926940354,0.003490217883877156,0.0009367100529606376
5.523,0.07245522238908177,0.0031224138887849806,0.0009532954021797085
5.524,0.07160347458778508,0.002672720058525563,0.0009666553061600041
5.525,0.07076366029562046,0.0022399836993003824,0.0009784500863587097
5.526,0.06976977558913697,0.0018800751188717407,0.0009865981246415564
5.527,0.06878129734150598,0.0014152337548785643,0.0009936896023371702
5.528,0.06771322193988247,0.0009861837246236543,0.0009996932241715121
5.529,0.06670923424981605,0.0006094086409838551,0.0010004724458565737
5.53,0.06581496401778478,0.000303893327676788,0.0010032889938809896
5.531,0.06502991754860515,4.4942350270471554e-07,0.0010032794672633978
5.532,0.06418645979835161,-0.00026644561236120745,0.0010031047262271037
5.533,0.0635593583940506,-0.0004259114811696746,0.0009970395512257444
5.534,0.06301545958536155,-0.0005619060597421843,0.0009916803839232955
5.535,0.06249483909531863,-0.0007721555120188128,0.0009861738079705148
5.536,0.06185314804391224,-0.0009954428847891716,0.000979660950913876
5.537,0.061212937882567944,-0.0013769234980482437,0.0009712648504182761
5.538,0.06057353329069333,-0.0017939388721860683,0.0009606005738320013
5.539,0.0599829946317712,-0.0023298573084823554,0.0009428287928508452
5.54,0.05943196235860228,-0.002896013143623394,0.0009255263024392833
5.541,0.05912708616391523,-0.003499710745270973,0.0009134148490996054
5.542,0.05892693193633511,-0.004138453931054928,0.000902107603930818
5.543,0.058932143059689523,-0.004693885662305455,0.0008867336147887581
5.544,0.059090641334449426,-0.005220411021954127,0.0008726556225719629
5.545,0.05924542331719913,-0.00565032209839865,0.0008564194627587995
5.546,0.059314078465113405,-0.006250077034911317,0.0008475844348378573
5.547,0.059332827088113084,-0.006797997106585754,0.0008418037805978
5.548,0.0592731320280467,-0.007361822141699517,0.000839767837856035
5.549,0.05911036516341084,-0.008002569568586762,0.0008331015430704683
5.55,0.0588589384416897,-0.008734664091018418,0.0008299246743392997
5.551,0.0587157288395161,-0.009478306598045758,0.0008286436460009285
5.552,0.05864303994331518,-0.010089540677412842,0.0008306649488848151
5.553,0.05853515531157704,-0.010649164538618458,0.0008301624320391083
5.554,0.058492304153924965,-0.011085486214257603,0.0008289420373507215
5.555,0.05835736291983831,-0.011403856854088762,0.0008264321012572992
5.556,0.05823247833187838,-0.0115947315414478,0.000825833996936599
5.557,0.05786067848564359,-0.011726525416194455,0.0008247672212673863
5.558,0.05739682805683104,-0.011932490747587343,0.0008190123477905951
5.559,0.05679850301306904,-0.011918326234373874,0.0008133263609829675
5.56,0.056059930528737784,-0.011963614161416766,0.0008051174382447579
5.561,0.055341268804243074,-0.011928023152740552,0.0007919255392554337
5.562,0.05474794788771423,-0.01186119720082529,0.0007791446856357845
5.563,0.054224560268042794,-0.011746530180310882,0.0007639879947085428
5.564,0.05382004637500315,-0.011662510141538546,0.0007437939393690493
5.565,0.05353441904924943,-0.011517086157419892,0.0007228711278660224
5.566,0.0532230185364427,-0.011428646451308123,0.000696611649347449
5.567,0.05285834964863455,-0.01119730566920736,0.0006747447867377864
5.568,0.0522708480755705,-0.0109135976634811,0.0006545052865147789
5.569,0.05162491438880518,-0.01064265464523878,0.000633601659086154
5.57,0.050902293808661916,-0.010263638075449902,0.0006167704073894605
5.571,0.050076420541424436,-0.009854209391984899,0.0006048953221174484
5.572,0.04920519028771786,-0.009479192429075939,0.0005983543127732179
5.573,0.04839628045257177,-0.009096212633941947,0.0005957633551258335
5.574,0.04764144891407899,-0.008723893140892426,0.0005945646585458196
5.575,0.04695584954563712,-0.00837615764407891,0.0006006272651478788
5.576,0.046229825132237376,-0.007969003587111535,0.0006066850247185363
5.577,0.04556353143010981,-0.007580852873405514,0.0006210241141958513
5.578,0.04491172201728324,-0.007135514611841989,0.0006345763531191297
5.579,0.044350562777004415,-0.006701627571654184,0.0006498217905509607
5.58,0.04376934560296712,-0.006201843689567721,0.000663277191397369
5.581,0.043336126995569074,-0.005548779654775807,0.000677062489388279
5.582,0.04301924402446715,-0.004970522381545772,0.0006847987951237094
5.583,0.04278781647172111,-0.004346685776267192,0.0006880051104721898
5.584,0.04266798883497028,-0.003660043540417282,0.0006920768473571545
5.585,0.042641549978358555,-0.003042852390634815,0.0006905897088259722
5.586,0.04268516974222936,-0.0023865368433044834,0.0006809953712279884
5.587,0.04258879254683865,-0.001667027662505552,0.0006706602895855191
5.588,0.042411562754377324,-0.0009800623920245694,0.0006577251631130201
5.589,0.04214834696249091,-0.00030526291556934315,0.0006464866527529125
5.59,0.041804801588266806,0.00036435385180182134,0.000633277794318396
5.591,0.0415685226687002,0.0010590748654051851,0.0006217652999223671
5.592,0.04148025813809429,0.0017069894111718942,0.0006096916379153685
5.593,0.04158837883337353,0.0022753509074512346,0.0005936352932357468
5.594,0.041793223116237385,0.0028580645337503846,0.000580770071876219
5.595,0.04210916301241753,0.003413559117633559,0.0005702231999333786
5.596,0.04243220122901357,0.003996499190537364,0.0005627505017049879
5.597,0.04276288321588093,0.0045740287915435746,0.0005600547287931059
5.598,0.04303224428101063,0.005175495059158888,0.00055433489982269
5.599,0.04317906804428654,0.00570664834226596,0.0005449428364543606
5.6,0.043217660449136074,0.006274726008808462,0.0005386815880782591
5.601,0.04321078941828144,0.006900981133967893,0.000532076121208112
5.602,0.04323125519122869,0.007475117657533101,0.0005230862144783776
5.603,0.0432802369834504,0.00805979289153709,0.000512227607723471
5.604,0.04328829028388628,0.008631609056170449,0.0005020862594451875
5.605,0.043308747550037247,0.00908822505039527,0.0004895238440812773
5.606,0.04335138192541581,0.009518102965697418,0.00047676714678890277
5.607,0.04325428654280401,0.009998626353482747,0.00046892164140651066
5.608,0.04308697815635609,0.010450797881048458,0.0004593035980067227
5.609,0.042838685040000477,0.01078309813513352,0.0004507734566424912
5.61,0.042407138308848125,0.01109839073971973,0.0004423068560235323
5.611,0.04169280150756093,0.01139217210652415,0.00044194503247790357
5.612,0.04090212895908239,0.011668403820442333,0.0004396804108648382
5.613,0.04001392628340793,0.011966584107393017,0.0004391383570520213
5.614,0.03908717309340264,0.01221979589148569,0.00043908318617513813
5.615,0.03819524324531481,0.012378687436468007,0.00043744838528876097
5.616,0.037433025222294206,0.012482219008767767,0.00044008154779109947
5.617,0.03672156785408157,0.012519559833821595,0.0004416935100207695
5.618,0.03609152423621418,0.012444881944666683,0.00044271501350699174
5.619,0.03547702324887949,0.012307093468108227,0.000445021010396355
5.62,0.034942382262819344,0.012150341099936634,0.0004447229364313463
5.621,0.034443465876955216,0.011889841476975228,0.00044711517387364133
5.622,0.03397571101735979,0.011535893952851272,0.0004481169730092746
5.623,0.033594447525138155,0.011180611619533789,0.00044925071335209907
5.624,0.033258544321073,0.01081863464522681,0.00045408562061711365
5.625,0.03306608436360864,0.010410618534670985,0.0004560850683638128
5.626,0.03294924552680277,0.009888745873114158,0.0004584922672530227
5.627,0.033048219272736275,0.00935224502837119,0.00045950135351718164
5.628,0.03320151811067262,0.008682975481446859,0.0004662018850128429
5.629,0.033339536864298,0.007899605953774936,0.00046980112819559503
5.63,0.03353313652762663,0.007103625204115985,0.0004741300851871297
5.631,0.03371319789333805,0.006189654586956809,0.00047970669546114277
5.632,0.03399426491669546,0.005407015821539483,0.0004893732903423648
5.633,0.03428890021419454,0.004598704943523345,0.0004962166519673109
5.634,0.03466810835448029,0.0038027320241360157,0.0005052255692735664
5.635,0.035060330484620025,0.003026033771640152,0.0005141502335507832
5.636,0.03550222465426931,0.002353972892328828,0.0005202309958164647
5.637,0.03593886566760651,0.0017218041947422297,0.0005269652198977764
5.638,0.036341892730249556,0.0010523334724352861,0.000539763992691871
5.639,0.03672539679950429,0.0004648901126427154,0.0005489860276098519
5.64,0.037016603000218085,-0.00014225680194622503,0.0005551533308331444
5.641,0.03720950986740612,-0.0007453268320007263,0.0005601514387308909
5.642,0.037413942700324526,-0.0012999317725876335,0.0005661850076335115
5.643,0.03756664062483502,-0.0018988797690688043,0.0005700015162487877
5.644,0.03772255604481866,-0.002457561971210616,0.0005689016795740599
5.645,0.03785761468416804,-0.0029222510405577523,0.0005669667386590056
5.646,0.03800567923397613,-0.0032608371616756684,0.0005646486850259437
5.647,0.03822343712629852,-0.0035531680888858178,0.0005617787395941229
5.648,0.03829541470861873,-0.003796782880885803,0.0005600232356836372
5.649,0.03831504993481786,-0.003996297798940365,0.0005611679511900872
5.65,0.038139542259897116,-0.004233605168640824,0.0005595530222082404
5.651,0.0378248467310977,-0.004517291172418857,0.0005590421415576884
5.652,0.03744505248099988,-0.004891973420402439,0.000563468589035395
5.653,0.036998541422694854,-0.005317091575145625,0.0005683981660306814
5.654,0.03657569994963644,-0.005796634993783769,0.0005725788468643508
5.655,0.03627462238226836,-0.006191270584040363,0.0005751065352306635
5.656,0.03610430699638731,-0.00656320265670194,0.0005766635629276533
5.657,0.036054223087194276,-0.006806937569058764,0.0005765510013288287
5.658,0.03606980149103204,-0.006982735732668858,0.0005758896427681326
5.659,0.036117536535592146,-0.007121869531035073,0.0005753493708876635
5.66,0.03614648258042484,-0.0072488020647251405,0.0005749576149705198
5.661,0.036146151849081654,-0.0072895073259350495,0.0005751609223588623
5.662,0.03600964131098743,-0.007339945986988435,0.000573498080271381
5.663,0.035869697682369146,-0.0074352685545777805,0.0005693457285032272
5.664,0.035725301347711944,-0.007601261775924253,0.0005607962557164327
5.665,0.03562172368219197,-0.007745586092932781,0.000550530646728874
5.666,0.03564396710248748,-0.00787866670812708,0.0005412558890047182
5.667,0.03572043396361209,-0.00801212251085641,0.0005298798464889998
5.668,0.03590940511970834,-0.00813048069312195,0.0005184720826562917
5.669,0.0361341572930605,-0.008220852252787132,0.0005035796275180613
5.67,0.036291273074562855,-0.008314072071365898,0.00048634615407123366
5.671,0.03632722687702545,-0.008501720495508944,0.0004627603350956755
5.672,0.036328268597544296,-0.008740889349426354,0.0004405313875337673
5.673,0.036293059717766446,-0.008993709542350884,0.0004177770822042248
5.674,0.03625727642849944,-0.0092775029891063,0.0003961302200923574
5.675,0.03633490657052636,-0.009562975610482687,0.00037569298972936916
5.676,0.03648009751663612,-0.009867040507733692,0.00035744569316738055
5.677,0.03679164089064528,-0.010177802298797549,0.0003420679577105901
5.678,0.037247670647836656,-0.010551368245720893,0.0003309780827000702
5.679,0.0378268790744002,-0.011071803839064932,0.00032257802814170214
5.68,0.03838831152900165,-0.01158749109070935,0.00032114033596337
5.681,0.03894690481715998,-0.012225328153800868,0.00031477566061752595
5.682,0.039430525515833856,-0.013017533098439801,0.0003113515738366699
5.683,0.03979055264638104,-0.013870819963835244,0.00031064415120762206
5.684,0.039957630969369495,-0.014758734431898915,0.00031099523053353725
5.685,0.04006142982797259,-0.01568047206016383,0.00031090509985146064
5.686,0.04011067980879619,-0.01655625421373063,0.0003122183927432978
5.687,0.04010135907422825,-0.017315603557324637,0.0003112381525408002
5.688,0.04011744672815485,-0.018026396605303825,0.000311583874344888
5.689,0.04004848898908722,-0.018667477924102237,0.00031175739397348607
5.69,0.03994765887738617,-0.019344259119798934,0.0003100800340601656
5.691,0.03995020173652335,-0.019854679155771552,0.00031162150004453745
5.692,0.03992094260525816,-0.02041140481689413,0.00031073635331742093
5.693,0.03982896314548506,-0.021078838954315914,0.00031265827946297365
5.694,0.03979342511700146,-0.021734485307427755,0.0003122347708419252
5.695,0.039882938421568044,-0.022221810407472842,0.0003103261427454774
5.696,0.04001299366609666,-0.022588473420269668,0.00030370714278679444
5.697,0.040097614210393984,-0.02288708758179196,0.00029288250106031797
5.698,0.04024785599190368,-0.023084757304199056,0.00027922123042457576
5.699,0.040299072760475375,-0.02308948769576567,0.00026379895354540934
5.7,0.04038996367425801,-0.02291048050301771,0.0002460023291498461
5.701,0.040576062026466714,-0.022686171003028423,0.000220915034962537
5.702,0.04073033940076507,-0.02235028394474806,0.00018595596551139562
5.703,0.04093420129726405,-0.022012034372419775,0.00014459318616991113
5.704,0.04112041976966852,-0.02151200515205267,0.00010906185604389726
5.705,0.04135984030728361,-0.021014160714933908,6.842033063194372e-05
5.706,0.041728446964991096,-0.02064402481670021,2.284326507312744e-05
5.707,0.04218355293921199,-0.02015447999984151,-2.1145162250126395e-05
5.708,0.042611688174436904,-0.0195329022572689,-6.085717795771485e-05
5.709,0.043073001731705654,-0.01883409682861189,-0.00010125026030967463
5.71,0.043522362404200356,-0.01801348728073052,-0.0001397267135474212
5.711,0.044002993230841225,-0.017117997062112558,-0.0001806588272536821
5.712,0.04441626979189034,-0.01625740907918135,-0.0002238888914183712
5.713,0.04469681855299448,-0.015395756495765106,-0.0002677535917005278
5.714,0.045007465092245076,-0.01445666233068698,-0.0003096784991795938
5.715,0.045348043710020186,-0.013676065483521613,-0.0003549506899608553
5.716,0.04562851060576901,-0.012809306891018286,-0.0003986275851097413
5.717,0.04587271383622667,-0.011986299690644117,-0.0004410592552941205
5.718,0.04613349435640279,-0.011210049761395675,-0.00048112768280515544
5.719,0.046407558189795306,-0.010336055126958385,-0.0005225214898889005
5.72,0.04664819929329849,-0.009475914378676481,-0.0005629185454764701
5.721,0.04675200382071215,-0.008729430681584445,-0.0005986684952572001
5.722,0.04684370851105852,-0.007974404023630095,-0.0006268690316419164
5.723,0.04691461179652806,-0.007324324049974858,-0.0006471644814707589
5.724,0.04692441879146887,-0.006880242078176446,-0.0006659990103752159
5.725,0.047051870390631356,-0.006524265166527973,-0.0006846338842446528
5.726,0.047196091931733054,-0.006280323871254212,-0.0006904878965208601
5.727,0.047365645175029336,-0.006001762491685686,-0.0007049532072661428
5.728,0.047646439768001175,-0.0057715793839192425,-0.0007181921157731095
5.729,0.04806908188749322,-0.005592975728883051,-0.0007252118504271201
5.73,0.048481435575462,-0.005445424557230676,-0.0007318226195476768
5.731,0.04889096839885429,-0.005310248033223573,-0.0007406047478301513
5.732,0.04924709951356744,-0.005109305713268654,-0.0007479314887449997
5.733,0.049600204110449644,-0.004872029832048749,-0.0007571238606897842
5.734,0.04988192496879035,-0.004665159981635511,-0.0007664400496684048
5.735,0.05014790746089494,-0.004401632047506487,-0.0007762332701144141
5.736,0.05048556560260534,-0.004281976431356055,-0.0007845561741113729
5.737,0.05081661098800987,-0.0042433956931273165,-0.0007944137678170401
5.738,0.05125850159599847,-0.004202394945160587,-0.0008053893844868566
5.739,0.05170911686148638,-0.004184298693437782,-0.0008167431120108288
5.74,0.052220774797061664,-0.004141097192554344,-0.0008292816466796744
5.741,0.052791105283942236,-0.004266837921462485,-0.000838226558888268
5.742,0.053291341950054937,-0.004286695175890601,-0.0008488892585176043
5.743,0.05373996194532055,-0.004212231764096699,-0.0008612505966495225
5.744,0.05412667217399081,-0.004227033571982314,-0.0008735805984253366
5.745,0.05440354412662905,-0.004195346948529369,-0.0008844741517202982
5.746,0.05469785558643901,-0.00425007362958553,-0.000892370974891335
5.747,0.05491258787127152,-0.004266297026673582,-0.000898026960555307
5.748,0.05513813019881361,-0.004324722167597994,-0.0009042031154868887
5.749,0.05536830691846317,-0.004463312957617316,-0.0009087782296394826
5.75,0.05556982605454112,-0.0044987401777443065,-0.0009096335955837383
5.751,0.055800498766395944,-0.004533392560896646,-0.0009096088956031859
5.752,0.056021186058864095,-0.004659986593378573,-0.0009069139519437691
5.753,0.056164890580553184,-0.004768238548675627,-0.0009022408352271081
5.754,0.056260317618342166,-0.004799533462186534,-0.0008983092253367232
5.755,0.05631561970969259,-0.004983285865965054,-0.0008915920810291971
5.756,0.056342249714498596,-0.00523460447915608,-0.0008850079505567783
5.757,0.0562983135118609,-0.00545885914978908,-0.0008768746257062194
5.758,0.05627821375464559,-0.0056319458765083374,-0.0008683047110306777
5.759,0.056208022514370175,-0.005837225576860144,-0.0008574362484217561
5.76,0.056127594802467665,-0.006074638601887339,-0.0008491840809648448
5.761,0.05596806287712308,-0.006312175887795549,-0.0008404275482410849
5.762,0.055831863666943024,-0.006366859796209157,-0.0008309872990343945
5.763,0.05570622884497833,-0.0064076040576907245,-0.0008235712884392863
5.764,0.05555016957075146,-0.0064875124578070015,-0.0008182984134274391
5.765,0.05539520631489136,-0.006478578237171767,-0.0008134216804367661
5.766,0.055285571077481874,-0.006601588046035098,-0.000810319467985772
5.767,0.05520195659884005,-0.006803830662324026,-0.0008062286582941081
5.768,0.05516670010492521,-0.006915240227610753,-0.000805379127561691
5.769,0.05509244486184073,-0.007011177535631075,-0.0008045345259523192
5.77,0.05500544515190706,-0.007073937663806998,-0.0008041538780495378
5.771,0.054909732083410996,-0.007025977907990769,-0.0008026678199386358
5.772,0.054618189225565016,-0.006960144012357478,-0.0008033179930143771
5.773,0.05425811593674587,-0.006819454892879412,-0.0008024907520663156
5.774,0.05379022646952099,-0.006786567504020971,-0.0008001239756466735
5.775,0.05322544830355687,-0.006748620295998445,-0.0007979481483796893
5.776,0.05255757172033363,-0.006803569533861228,-0.0007892509282284515
5.777,0.051902313953866366,-0.006898886883227151,-0.0007820931891834688
5.778,0.05118201383225876,-0.0069801877961118836,-0.0007715557751766881
5.779,0.050497008788965986,-0.0072190296522109815,-0.0007601851762793542
5.78,0.0498461715700788,-0.007612758944657669,-0.0007485817306834811
5.781,0.04922260200317538,-0.007903593520965493,-0.0007402968534210709
5.782,0.04857477096300184,-0.0081669698509345,-0.0007250616770824054
5.783,0.04792351250239265,-0.00855787414824298,-0.0007125010936488217
5.784,0.04717456910240299,-0.008938493598965827,-0.0006963465271316465
5.785,0.046433622878204406,-0.009317589922097427,-0.0006817552537342602
5.786,0.04572170898783669,-0.00973143422998124,-0.0006682465389855882
5.787,0.04499734710097707,-0.010112366108853285,-0.0006520797402696805
5.788,0.044310790703289915,-0.010539133234984122,-0.0006390798306229516
5.789,0.04371243272673325,-0.01111583607616154,-0.0006267595600595789
5.79,0.04317280871966743,-0.011646410202365856,-0.0006142281708069696
5.791,0.04278307155549961,-0.012161539540307298,-0.000602695110188691
5.792,0.042625009868497155,-0.01257449231652577,-0.0005898891760311971
5.793,0.04259906743743924,-0.012875594201770743,-0.0005784684523017215
5.794,0.04270723855782381,-0.013119436440704957,-0.0005668374616064811
5.795,0.0428640856318853,-0.013215747199655903,-0.000554619923390683
5.796,0.04299218118747727,-0.013259377325539223,-0.0005409544552804757
5.797,0.04305552394720802,-0.013177313454826686,-0.0005283896313513306
5.798,0.043081154545483155,-0.013167000336125036,-0.0005165954178205576
5.799,0.0429667051520322,-0.013225283214645736,-0.00050820135685835
5.8,0.04283631069835676,-0.01332518559229083,-0.000499535324283435
5.801,0.04268534003143643,-0.013474152135361281,-0.0004954860859456837
5.802,0.04258852643718413,-0.01364623172070649,-0.0004933990553806086
5.803,0.04258424941282697,-0.013813758598203024,-0.0004927841835243208
5.804,0.04273566082864965,-0.013911143082033492,-0.0004934497963531271
5.805,0.04302077930717542,-0.013996814077703895,-0.000498056877318409
5.806,0.043389543640960544,-0.014056563592141552,-0.0005058207535236926
5.807,0.043829385897914644,-0.014113636245511929,-0.000518173190239289
5.808,0.04421595062025246,-0.014176526760740014,-0.0005301229375360782
5.809,0.04449277252818699,-0.014344582334987088,-0.0005420789049512273
5.81,0.04461720175238282,-0.014635658580971468,-0.0005538976274590331
5.811,0.0446658945620875,-0.015109631625492413,-0.000562900483139979
5.812,0.04462394066010733,-0.015551894760112928,-0.0005687785937537782
5.813,0.04458949974973334,-0.01601963473965551,-0.0005754103120097105
5.814,0.04458325678114081,-0.016478489908195088,-0.0005782518245926059
5.815,0.0447270991217281,-0.016853375620067113,-0.000579473141679385
5.816,0.04495020760815858,-0.01719896463241123,-0.0005773105795523583
5.817,0.045193733549289905,-0.017495143207022806,-0.0005746341527235559
5.818,0.04548822545536907,-0.017655004578001364,-0.0005727815019955044
5.819,0.04574692783392341,-0.017857862847750004,-0.0005715343709463635
5.82,0.045920256876986774,-0.018169707734735953,-0.0005661306423963144
5.821,0.04601431673541968,-0.018500932954179913,-0.0005620266012711926
5.822,0.04601948653682281,-0.01883193930878657,-0.000558616251579328
5.823,0.04608890136836734,-0.019165813032837535,-0.0005541195376658106
5.824,0.046260666115239185,-0.019515196059799865,-0.0005515515986606106
5.825,0.046554603352243304,-0.019783899290361562,-0.000550325006324865
5.826,0.04696833583155287,-0.01990589846815642,-0.0005462725582581664
5.827,0.0475086906230881,-0.019955187993845457,-0.0005415657890412229
5.828,0.04805878901804993,-0.019912198075043117,-0.0005367627371617192
5.829,0.0485063120460629,-0.01977452220209281,-0.0005340491187947761
5.83,0.04876137945971007,-0.019621120315695385,-0.000530809028999146
5.831,0.04884026018836049,-0.019500902651802748,-0.0005254746904922676
5.832,0.04874645754493991,-0.019437346743045456,-0.0005196575410976735
5.833,0.04855742092138299,-0.019422339894666695,-0.0005154090830099613
5.834,0.04829688806437689,-0.019367010917927825,-0.0005086729411011066
5.835,0.04810692027928155,-0.019294770348495777,-0.000506191939866046
5.836,0.04803539381878052,-0.01918144036943021,-0.0005046703529261846
5.837,0.048075624201675146,-0.019036354119349074,-0.0005058688931152713
5.838,0.04826435502404013,-0.018810298023754998,-0.0005054448499018328
5.839,0.04849744794963849,-0.018569891253430882,-0.0005069942187926735
5.84,0.048682356162308454,-0.01832478316964528,-0.000509050690346095
5.841,0.048787447916723695,-0.01808295034330719,-0.0005114210516951828
5.842,0.0487202127940028,-0.017889859343769823,-0.0005123814215516251
5.843,0.04849603444564456,-0.017730709077331944,-0.0005131799668487642
5.844,0.048196716075438996,-0.017634809528891494,-0.0005151534492836561
5.845,0.047827479924903715,-0.017507294674682334,-0.0005178355929709797
5.846,0.04753105365594756,-0.017360267662902783,-0.0005186351154239954
5.847,0.047289006035259214,-0.017183833416525844,-0.0005197968809729204
5.848,0.04715282702978239,-0.01695919004816066,-0.0005221594341199391
5.849,0.04713632091543208,-0.0167004708056042,-0.0005244812417984825
5.85,0.047223260242115754,-0.016442723106600304,-0.0005283281515956168
5.851,0.04731220214783259,-0.016204060604203707,-0.0005315213179284794
5.852,0.04739037213915816,-0.015952740889717563,-0.0005337434128438472
5.853,0.047380975247190496,-0.01570115590477716,-0.0005359433239510038
5.854,0.047326175865057836,-0.015514583612631059,-0.0005386612713927481
5.855,0.04724229301604554,-0.015279168840304502,-0.0005388357565495655
5.856,0.04713818427636471,-0.014993310060736842,-0.0005385800019328937
5.857,0.04709314876196159,-0.014689838798838535,-0.0005356088998056661
5.858,0.047166636571302746,-0.01433632274574532,-0.000531940537433244
5.859,0.04735731405364692,-0.014011288525362044,-0.0005236831669426454
5.86,0.047618505060703156,-0.013583140712039709,-0.0005119489799823641
5.861,0.04798845711369558,-0.01319555286376117,-0.0004994327187882754
5.862,0.04834256699221756,-0.012737352271841376,-0.00048511843673552056
5.863,0.048676147603838024,-0.012226532852495302,-0.0004711287338109116
5.864,0.04894686073907514,-0.011759408642210485,-0.0004535286113519691
5.865,0.0491886693303788,-0.01117969432875223,-0.00043717562951046485
5.866,0.04934130013427678,-0.01051601129507844,-0.0004242581377005304
5.867,0.04946892655291471,-0.009785905804064375,-0.00041237414889194935
5.868,0.04957045195273439,-0.009024128989396703,-0.0004055258391704604
5.869,0.04971577900187847,-0.008227147945443623,-0.0003999171495294106
5.87,0.04992775692333935,-0.0074013896725541525,-0.00039754982945649174
5.871,0.05021093079899208,-0.0066063198386630065,-0.0003991192477365342
5.872,0.05059181639609957,-0.0058314263532749655,-0.000400370538240654
5.873,0.05092304550547884,-0.005122138137069271,-0.0004012831327532026
5.874,0.05121741807204189,-0.004442823121706546,-0.0004019908243456497
5.875,0.05132736103424687,-0.0038006511344476357,-0.00040370043268405644
5.876,0.05130698269724515,-0.003143865098941101,-0.0004045844129124584
5.877,0.05125019916423805,-0.0023993079039008186,-0.00040610856299630417
5.878,0.0510709398211485,-0.001655941024148594,-0.0004077368226826962
5.879,0.050968369670180425,-0.0008333995896598889,-0.00040790430413556477
5.88,0.05094258554670894,-2.2231806219269457e-05,-0.0004067548217684525
5.881,0.05094425463970356,0.0006782590083740381,-0.00040442649975726893
5.882,0.051019493860659904,0.0013134097325782634,-0.0004043066785750195
5.883,0.051069845075636985,0.0017833476819791028,-0.00040253502127593184
5.884,0.05114682708978539,0.0021509419798089457,-0.00039825357050179803
5.885,0.05123589954367454,0.002350128567261814,-0.00039304917768107637
5.886,0.05119859071422922,0.002405596896795592,-0.00038678774167210923
5.887,0.05104202050727906,0.002361406546107586,-0.00037398434456324095
5.888,0.05087860320370699,0.0024108540557777197,-0.0003605488599109821
5.889,0.05068646681642981,0.002433335123364619,-0.0003494675026787862
5.89,0.05057322848346296,0.002369019996546387,-0.00033803355005290617
5.891,0.05058586162138107,0.0022459831921784607,-0.0003275199118161062
5.892,0.050635366067090015,0.0021615012353268237,-0.0003164527801779926
5.893,0.05081470177087269,0.002107300028359488,-0.00030662262284103807
5.894,0.0509483538592613,0.001932752563473361,-0.0002944911811825412
5.895,0.05102072328141212,0.0016581864170186617,-0.00028429550762568265
5.896,0.051044283766015205,0.0013462912251297893,-0.0002768349537054128
5.897,0.050965123889220226,0.0009792820837283278,-0.0002696357157936189
5.898,0.050842256839091174,0.0005792572763678866,-0.00026587671581868196
5.899,0.05072060771518738,0.00013855068327045528,-0.00026350566265992566
5.9,0.050626597869683876,-0.000237979994425222,-0.0002613221698817348
5.901,0.05060897868547237,-0.0006367112720829377,-0.0002578725086214098
5.902,0.050690204209341866,-0.001008512030560696,-0.00026118969969990565
5.903,0.05081260043494247,-0.0014200952450833665,-0.00026572304315904864
5.904,0.050906283552252296,-0.0018867857269096594,-0.00027277223276638896
5.905,0.050988462268208745,-0.002391590447078082,-0.0002886054095879787
5.906,0.050954235030799294,-0.0029599994109406336,-0.00029727432352526077
5.907,0.050880455997911744,-0.0035703587910830975,-0.00030788480453246953
5.908,0.050791746879566876,-0.004259753944387448,-0.0003194492158230546
5.909,0.05067269144318283,-0.004912504437049825,-0.00033483764802050536
5.91,0.050612670149675056,-0.005515472443085805,-0.0003490231929772664
5.911,0.05057404636877039,-0.006146531026793578,-0.00036993046705085446
5.912,0.05060140769150839,-0.006641411976932465,-0.0003876671914565316
5.913,0.050695779082073525,-0.007098396349059885,-0.00040562985816412886
5.914,0.050750805780644864,-0.007571860921195453,-0.0004208909305205542
5.915,0.05074010702658591,-0.008047028690298372,-0.0004389054255072264
5.916,0.050566430205301355,-0.008556188251805763,-0.0004577054994791631
5.917,0.050355593306205454,-0.009001579331936974,-0.00048001793605603825
5.918,0.0499919058328379,-0.009485961108728,-0.0005035380077788897
5.919,0.049664925616509106,-0.01004758263430977,-0.0005186739673945012
5.92,0.04939130840731311,-0.01046186325758574,-0.0005348875565357836
5.921,0.04918676554028223,-0.010910727708507928,-0.0005554690735657945
5.922,0.04902345943828744,-0.01127352956918011,-0.0005694212825360663
5.923,0.04892625200841358,-0.011477489070668687,-0.0005845258552358199
5.924,0.04880411062117718,-0.011589981100331936,-0.0005978991821967433
5.925,0.04851936402162885,-0.01170489089428682,-0.0006109310948997107
5.926,0.04824498810142089,-0.01176935445248134,-0.0006262401899622712
5.927,0.04789924797515571,-0.011885636141615571,-0.0006416656268261107
5.928,0.047458983365299426,-0.011939291279063083,-0.0006537000807399898
5.929,0.047035266721280444,-0.012029979748513088,-0.0006649504054106766
5.93,0.0466350630746078,-0.012098458956560289,-0.0006760080049946667
5.931,0.04625069571559731,-0.012128376148180152,-0.0006864003904289206
5.932,0.04586525243871506,-0.012245701894018655,-0.0007018634299777518
5.933,0.04550324158188791,-0.012250319514915176,-0.0007147536485149572
5.934,0.0451095526315842,-0.012228931046478653,-0.0007244031317461896
5.935,0.04459406556417839,-0.012060534907034723,-0.000733058816787066
5.936,0.0440126720389854,-0.011951984689289916,-0.0007401326520096322
5.937,0.043363311015738815,-0.011775661181042646,-0.0007433105409967843
5.938,0.04272001335522228,-0.011696243271171507,-0.0007459627716304058
5.939,0.04221741965794167,-0.011697351201568403,-0.000747525401493198
5.94,0.04185437292922749,-0.011675555484162728,-0.0007472096694160476
5.941,0.041646795325254574,-0.011718480435338404,-0.0007465230969412348
5.942,0.041507205368062496,-0.011738697497019585,-0.0007460171913234346
5.943,0.041366824644690665,-0.011680840549530912,-0.0007451390644286484
5.944,0.04129070800786503,-0.011532179131448834,-0.0007403414873551064
5.945,0.04115126461504981,-0.011350330357586716,-0.00073580696598053
5.946,0.040877609812280245,-0.01117402756495283,-0.0007329599262559851
5.947,0.04049118355223402,-0.010972202136522082,-0.0007302050538836675
5.948,0.04007663879444996,-0.010792856121247224,-0.0007284614650408369
5.949,0.03990519151354008,-0.010640511370790222,-0.0007216598170801127
5.95,0.03981324629681478,-0.010569531552613788,-0.0007150931021779868
5.951,0.039941769405692884,-0.010492381446714605,-0.0007032249501705821
5.952,0.04021983540504517,-0.010425568086775047,-0.0006945476451261862
5.953,0.040591317129147625,-0.010367258072141523,-0.0006874433529973013
5.954,0.04087621194904021,-0.010274890611241809,-0.000678096974589773
5.955,0.04103809480222857,-0.01018492612104522,-0.0006667216096653766
5.956,0.04116933180734314,-0.009878451002569351,-0.000647010862089137
5.957,0.04107493075966416,-0.009542318072763976,-0.0006277330908557664
5.958,0.040920389012330416,-0.009216838573123295,-0.0006071897672806435
5.959,0.04067055871916608,-0.008927199019117895,-0.0005881644767114239
5.96,0.040584948367864124,-0.008726469371670483,-0.0005716344141130183
5.961,0.040580011058271886,-0.00859088712098614,-0.0005526377931899696
5.962,0.0407319862809801,-0.008454587262584044,-0.0005360817416997009
5.963,0.04104383656188262,-0.008321763815202408,-0.000518174421976403
5.964,0.041378781555307005,-0.008239818280272735,-0.0005034295257905122
5.965,0.04156410902179139,-0.00806808808466819,-0.000490131989134257
5.966,0.04156654526701451,-0.00784825316751726,-0.0004755754008159437
5.967,0.041354122735622265,-0.007513679605399386,-0.00045856769733294833
5.968,0.04098311855673584,-0.007019192785164684,-0.0004439892141037759
5.969,0.04054053777937009,-0.00654952171620735,-0.0004312245368873858
5.97,0.0401789193322892,-0.006018022055235481,-0.00041875360968966584
5.971,0.039887227127056536,-0.005401075337312156,-0.0004080827731836121
5.972,0.03973911933575125,-0.004881261307181476,-0.0003964610626498098
5.973,0.039800932452304746,-0.004395968329628186,-0.00038623955795114907
5.974,0.039934997606977864,-0.003947413293504785,-0.00037763373715127513
5.975,0.040116699144543806,-0.003572792828280856,-0.00036961230582215163
5.976,0.04020248099074933,-0.0031618940636799365,-0.0003663776794755655
5.977,0.04021089251727479,-0.0027454582303923915,-0.00036276378980236603
5.978,0.04006923799031839,-0.0022952227387000603,-0.0003597727292789975
5.979,0.0398681927888601,-0.001938254138827613,-0.0003580967983782499
5.98,0.03964249628061911,-0.0014842150048220183,-0.0003572952200884081
5.981,0.03938502965676028,-0.0011017581312332755,-0.00035575410041117515
5.982,0.03925439369120821,-0.0007587461475832558,-0.00035627537467219407
5.983,0.03923726876188848,-0.0004937798567018689,-0.00035841288514748613
5.984,0.03932695135944658,-0.00037955064545968503,-0.0003608292754920411
5.985,0.03943201919060825,-0.0003544837361235745,-0.0003645168391183097
5.986,0.039573709133572936,-0.00037854870687252865,-0.000368703059597654
5.987,0.039671785058221457,-0.0004084437935866249,-0.00037334284710651463
5.988,0.03966699377179868,-0.0004810511982486082,-0.0003785777519237537
5.989,0.039621724332949075,-0.0005239387005600629,-0.00038571556317664997
5.99,0.03954935030738582,-0.0005391474969150059,-0.0003916307140480055
5.991,0.03944280609641223,-0.0005172334220006972,-0.00039586045027533107
5.992,0.03938856015172308,-0.0004467215282026732,-0.0004034960426102382
5.993,0.0393712918092223,-0.00035845542431167665,-0.00041183551679664437
5.994,0.03931269614637826,-0.00028951188510756287,-0.00042057633837562177
5.995,0.03929126577268197,-0.00023190491398877855,-0.0004272881438086276
5.996,0.039218122076335814,-0.00021369828033460797,-0.0004365826661926437
5.997,0.039066461789972,-0.00023212666279345817,-0.0004448982598289617
5.998,0.038940345999654784,-0.0003115431738273458,-0.0004533510741438076
5.999,0.03873363789461162,-0.0003725122917502127,-0.0004610285438913024
6,0.03853646562154443,-0.0004061840575282222,-0.0004680669510419836
